1.000000000000000000e+00 8.570830454575773416e+00
2.601202404809619395e+00 8.741165873912866147e+00
4.202404809619238790e+00 8.914181096952427552e+00
5.803607214428857297e+00 9.089901513778213982e+00
7.404809619238476692e+00 9.268352367502210143e+00
9.006012024048095199e+00 9.449558743299451891e+00
1.060721442885771459e+01 9.633545557290240424e+00
1.220841683366733399e+01 9.820337545272105118e+00
1.380961923847695338e+01 1.000995925130391484e+01
1.541082164328657278e+01 1.020243501614483606e+01
1.701202404809619040e+01 1.039778896555076670e+01
1.861322645290580979e+01 1.059604499843113423e+01
2.021442885771542919e+01 1.079722677486910420e+01
2.181563126252504858e+01 1.100135770400823354e+01
2.341683366733466798e+01 1.120846093180885994e+01
2.501803607214428737e+01 1.141855932867774115e+01
2.661923847695390677e+01 1.163167547697420900e+01
2.822044088176352616e+01 1.184783165839680308e+01
2.982164328657314556e+01 1.206704984125395441e+01
3.142284569138276495e+01 1.228935166762280851e+01
3.302404809619238080e+01 1.251475844040014707e+01
3.462525050100200019e+01 1.274329111024971262e+01
3.622645290581161959e+01 1.297497026245019214e+01
3.782765531062123898e+01 1.320981610364846404e+01
3.942885771543085838e+01 1.344784844852252270e+01
4.103006012024047777e+01 1.368908670635907399e+01
4.263126252505009717e+01 1.393354986755048763e+01
4.423246492985971656e+01 1.418125649001619948e+01
4.583366733466933596e+01 1.443222468555375926e+01
4.743486973947895535e+01 1.468647210612469856e+01
4.903607214428857475e+01 1.494401593008071494e+01
5.063727454909819414e+01 1.520487284833567188e+01
5.223847695390781354e+01 1.546905905048912011e+01
5.383967935871743293e+01 1.573659021090706922e+01
5.544088176352705233e+01 1.600748147476599570e+01
5.704208416833667172e+01 1.628174744406610941e+01
5.864328657314629112e+01 1.655940216361998552e+01
6.024448897795591051e+01 1.684045910702301896e+01
6.184569138276552991e+01 1.712493116261182990e+01
6.344689378757514930e+01 1.741283061941745558e+01
6.504809619238476159e+01 1.770416915311969319e+01
6.664929859719438809e+01 1.799895781200948974e+01
6.825050100200400038e+01 1.829720700296622482e+01
6.985170340681362688e+01 1.859892647745677863e+01
7.145290581162323917e+01 1.890412531756348002e+01
7.305410821643286567e+01 1.921281192204818922e+01
7.465531062124247796e+01 1.952499399245959921e+01
7.625651302605210446e+01 1.984067851929127002e+01
7.785771543086171675e+01 2.015987176819785276e+01
7.945891783567134325e+01 2.048257926627688974e+01
8.106012024048095554e+01 2.080880578842397455e+01
8.266132264529058205e+01 2.113855534376891754e+01
8.426252505010019433e+01 2.147183116220071497e+01
8.586372745490982084e+01 2.180863568098917682e+01
8.746492985971943313e+01 2.214897053151109674e+01
8.906613226452905963e+01 2.249283652608920647e+01
9.066733466933867192e+01 2.284023364495146424e+01
9.226853707414829842e+01 2.319116102331946649e+01
9.386973947895791071e+01 2.354561693863361072e+01
9.547094188376753721e+01 2.390359879792346831e+01
9.707214428857714950e+01 2.426510312533170222e+01
9.867334669338677600e+01 2.463012554979963298e+01
1.002745490981963883e+02 2.499866079292304377e+01
1.018757515030060148e+02 2.537070265698637073e+01
1.034769539078156271e+02 2.574624401318392586e+01
1.050781563126252394e+02 2.612527679003636649e+01
1.066793587174348659e+02 2.650779196201096966e+01
1.082805611222444782e+02 2.689377953835420598e+01
1.098817635270541047e+02 2.728322855214496201e+01
1.114829659318637169e+02 2.767612704957697645e+01
1.130841683366733434e+02 2.807246207947887129e+01
1.146853707414829557e+02 2.847221968308040374e+01
1.162865731462925822e+02 2.887538488403299652e+01
1.178877755511021945e+02 2.928194167869352782e+01
1.194889779559118210e+02 2.969187302667922879e+01
1.210901803607214333e+02 3.010516084170233952e+01
1.226913827655310598e+02 3.052178598269279419e+01
1.242925851703406721e+02 3.094172824521722021e+01
1.258937875751502986e+02 3.136496635320235171e+01
1.274949899799599109e+02 3.179147795097120266e+01
1.290961923847695232e+02 3.222123959560013873e+01
1.306973947895791639e+02 3.265422674960448290e+01
1.322985971943887762e+02 3.309041377396125228e+01
1.338997995991983885e+02 3.352977392147641211e+01
1.355010020040080008e+02 3.397227933050461246e+01
1.371022044088176415e+02 3.441790101902921606e+01
1.387034068136272538e+02 3.486660887911001083e+01
1.403046092184368661e+02 3.531837167170646552e+01
1.419058116232464783e+02 3.577315702188336388e+01
1.435070140280561191e+02 3.623093141440683951e+01
1.451082164328657313e+02 3.669166018973716348e+01
1.467094188376753436e+02 3.715530754042601558e+01
1.483106212424849559e+02 3.762183650792470502e+01
1.499118236472945966e+02 3.809120897981023290e+01
1.515130260521042089e+02 3.856338568743576189e+01
1.531142284569138212e+02 3.903832620401204423e+01
1.547154308617234335e+02 3.951598894312593302e+01
1.563166332665330458e+02 3.999633115770231484e+01
1.579178356713426865e+02 4.047930893941513375e+01
1.595190380761522988e+02 4.096487721855363873e+01
1.611202404809619111e+02 4.145298976434911253e+01
1.627214428857715234e+02 4.194359918576770951e+01
1.643226452905811641e+02 4.243665693277459638e+01
1.659238476953907764e+02 4.293211329807414245e+01
1.675250501002003887e+02 4.342991741933147409e+01
1.691262525050100010e+02 4.393001728187945787e+01
1.707274549098196417e+02 4.443235972191580174e+01
1.723286573146292540e+02 4.493689043019432461e+01
1.739298597194388663e+02 4.544355395621442995e+01
1.755310621242484785e+02 4.595229371291227949e+01
1.771322645290581193e+02 4.646305198185729779e+01
1.787334669338677315e+02 4.697576991895716958e+01
1.803346693386773438e+02 4.749038756067427869e+01
1.819358717434869561e+02 4.800684383075634543e+01
1.835370741482965968e+02 4.852507654748367116e+01
1.851382765531062091e+02 4.904502243143519991e+01
1.867394789579158214e+02 4.956661711377547164e+01
1.883406813627254337e+02 5.008979514506383168e+01
1.899418837675350744e+02 5.061449000458760850e+01
1.915430861723446867e+02 5.114063411022019778e+01
1.931442885771542990e+02 5.166815882880489852e+01
1.947454909819639113e+02 5.219699448706514033e+01
1.963466933867735520e+02 5.272707038304127281e+01
1.979478957915831643e+02 5.325831479805390956e+01
1.995490981963927766e+02 5.379065500919356424e+01
2.011503006012023889e+02 5.432401730233598869e+01
2.027515030060120296e+02 5.485832698568204790e+01
2.043527054108216419e+02 5.539350840382125796e+01
2.059539078156312542e+02 5.592948495231729567e+01
2.075551102204408664e+02 5.646617909281367531e+01
2.091563126252504787e+02 5.700351236865736126e+01
2.107575150300601194e+02 5.754140542103810674e+01
2.123587174348697317e+02 5.807977800564055570e+01
2.139599198396793440e+02 5.861854900980616634e+01
2.155611222444889563e+02 5.915763647020150273e+01
2.171623246492985970e+02 5.969695759098922139e+01
2.187635270541082093e+02 6.023642876249783740e+01
2.203647294589178216e+02 6.077596558038585073e+01
2.219659318637274339e+02 6.131548286529559277e+01
2.235671342685370746e+02 6.185489468299195437e+01
2.251683366733466869e+02 6.239411436498058094e+01
2.267695390781562992e+02 6.293305452960014890e+01
2.283707414829659115e+02 6.347162710358264803e+01
2.299719438877755522e+02 6.400974334407561628e+01
2.315731462925851645e+02 6.454731386111957647e+01
2.331743486973947768e+02 6.508424864057438697e+01
2.347755511022043891e+02 6.562045706748669716e+01
2.363767535070140298e+02 6.615584794989143802e+01
2.379779559118236421e+02 6.669032954303978045e+01
2.395791583166332543e+02 6.722380957404514845e+01
2.411803607214428666e+02 6.775619526693908767e+01
2.427815631262525073e+02 6.828739336812856209e+01
2.443827655310621196e+02 6.881731017224535663e+01
2.459839679358717319e+02 6.934585154837890286e+01
2.475851703406813442e+02 6.987292296668232439e+01
2.491863727454909849e+02 7.039842952534269216e+01
2.507875751503005972e+02 7.092227597790487437e+01
2.523887775551102095e+02 7.144436676093877736e+01
2.539899799599198218e+02 7.196460602203963219e+01
2.555911823647294625e+02 7.248289764815010017e+01
2.571923847695390464e+02 7.299914529419322662e+01
2.587935871743486587e+02 7.351325241200503058e+01
2.603947895791583278e+02 7.402512227955475055e+01
2.619959919839679401e+02 7.453465803044113613e+01
2.635971943887775524e+02 7.504176268365267788e+01
2.651983967935871647e+02 7.554633917357929818e+01
2.667995991983967770e+02 7.604829038026295507e+01
2.684008016032063892e+02 7.654751915987453970e+01
2.700020040080160015e+02 7.704392837540383709e+01
2.716032064128256138e+02 7.753742092754953319e+01
2.732044088176352830e+02 7.802789978579582453e+01
2.748056112224448952e+02 7.851526801966187463e+01
2.764068136272545075e+02 7.899942883011067352e+01
2.780080160320641198e+02 7.948028558110299002e+01
2.796092184368737321e+02 7.995774183128261825e+01
2.812104208416833444e+02 8.043170136577829510e+01
2.828116232464929567e+02 8.090206822810824860e+01
2.844128256513025690e+02 8.136874675217244146e+01
2.860140280561122381e+02 8.183164159431800044e+01
2.876152304609218504e+02 8.229065776546296718e+01
2.892164328657314627e+02 8.274570066326344886e+01
2.908176352705410750e+02 8.319667610430883542e+01
2.924188376753506873e+02 8.364349035633038909e+01
2.940200400801602996e+02 8.408605017040737550e+01
2.956212424849699119e+02 8.452426281315604228e+01
2.972224448897795241e+02 8.495803609888538688e+01
2.988236472945891933e+02 8.538727842170462168e+01
3.004248496993988056e+02 8.581189878756677558e+01
3.020260521042084179e+02 8.623180684623272896e+01
3.036272545090180301e+02 8.664691292314010695e+01
3.052284569138276424e+02 8.705712805116138497e+01
3.068296593186372547e+02 8.746236400223570229e+01
3.084308617234468670e+02 8.786253331885839657e+01
3.100320641282564793e+02 8.825754934541294006e+01
3.116332665330660916e+02 8.864732625932944643e+01
3.132344689378757607e+02 8.903177910205421597e+01
3.148356713426853730e+02 8.941082380981454492e+01
3.164368737474949853e+02 8.978437724416356502e+01
3.180380761523045976e+02 9.015235722228945292e+01
3.196392785571142099e+02 9.051468254707343419e+01
3.212404809619238222e+02 9.087127303688161817e+01
3.228416833667334345e+02 9.122204955507501722e+01
3.244428857715430468e+02 9.156693403922278662e+01
3.260440881763527159e+02 9.190584953000362134e+01
3.276452905811623282e+02 9.223872019978026060e+01
3.292464929859719405e+02 9.256547138083232085e+01
3.308476953907815528e+02 9.288602959323280572e+01
3.324488977955911650e+02 9.320032257235368434e+01
3.340501002004007773e+02 9.350827929598615640e+01
3.356513026052103896e+02 9.380983001106139341e+01
3.372525050100200019e+02 9.410490625995767289e+01
3.388537074148296711e+02 9.439344090638012119e+01
3.404549098196392833e+02 9.467536816079908135e+01
3.420561122244488956e+02 9.495062360543413149e+01
3.436573146292585079e+02 9.521914421876995505e+01
3.452585170340681202e+02 9.548086839959142935e+01
3.468597194388777325e+02 9.573573599052470229e+01
3.484609218436873448e+02 9.598368830107214933e+01
3.500621242484969571e+02 9.622466813012835019e+01
3.516633266533066262e+02 9.645861978796548897e+01
3.532645290581162385e+02 9.668548911767594234e+01
3.548657314629258508e+02 9.690522351606071538e+01
3.564669338677354631e+02 9.711777195395254125e+01
3.580681362725450754e+02 9.732308499596229012e+01
3.596693386773546877e+02 9.752111481963846984e+01
3.612705410821643000e+02 9.771181523402894697e+01
3.628717434869739122e+02 9.789514169763525331e+01
3.644729458917835245e+02 9.807105133574935962e+01
3.660741482965931937e+02 9.823950295716360870e+01
3.676753507014028060e+02 9.840045707024471255e+01
3.692765531062124182e+02 9.855387589836310269e+01
3.708777555110220305e+02 9.869972339466886524e+01
3.724789579158316428e+02 9.883796525620667239e+01
3.740801603206412551e+02 9.896856893736149630e+01
3.756813627254508674e+02 9.909150366262802834e+01
3.772825651302604797e+02 9.920674043869674108e+01
3.788837675350701488e+02 9.931425206584978582e+01
3.804849699398797611e+02 9.941401314866062933e+01
3.820861723446893734e+02 9.950600010599158907e+01
3.836873747494989857e+02 9.959019118028342632e+01
3.852885771543085980e+02 9.966656644613230753e+01
3.868897795591182103e+02 9.973510781814906068e+01
3.884909819639278226e+02 9.979579905809660545e+01
3.900921843687374349e+02 9.984862578130145039e+01
3.916933867735471040e+02 9.989357546233577523e+01
3.932945891783567163e+02 9.993063743996715687e+01
3.948957915831663286e+02 9.995980292137268464e+01
3.964969939879759409e+02 9.998106498561580224e+01
3.980981963927855531e+02 9.999441858638333258e+01
3.996993987975951654e+02 9.999986055398166229e+01
4.013006012024047777e+02 9.999738959659060811e+01
4.029018036072143900e+02 9.998700630077453866e+01
4.045030060120240591e+02 9.996871313125026859e+01
4.061042084168336714e+02 9.994251442991202339e+01
4.077054108216432837e+02 9.990841641411387286e+01
4.093066132264528960e+02 9.986642717421071325e+01
4.109078156312625083e+02 9.981655667035902013e+01
4.125090180360721206e+02 9.975881672857920535e+01
4.141102204408817329e+02 9.969322103608193686e+01
4.157114228456913452e+02 9.961978513586059591e+01
4.173126252505009575e+02 9.953852642055328204e+01
4.189138276553106266e+02 9.944946412557749227e+01
4.205150300601202389e+02 9.935261932154141107e+01
4.221162324649298512e+02 9.924801490593593201e+01
4.237174348697394635e+02 9.913567559411197294e+01
4.253186372745490758e+02 9.901562790954815796e+01
4.269198396793586880e+02 9.888790017341422356e+01
4.285210420841683003e+02 9.875252249343566291e+01
4.301222444889779126e+02 9.860952675206614515e+01
4.317234468937875818e+02 9.845894659397389148e+01
4.333246492985971940e+02 9.830081741284897134e+01
4.349258517034068063e+02 9.813517633753879466e+01
4.365270541082164186e+02 9.796206221751944554e+01
4.381282565130260309e+02 9.778151560771061668e+01
4.397294589178356432e+02 9.759357875264278448e+01
4.413306613226452555e+02 9.739829556998491000e+01
4.429318637274548678e+02 9.719571163344190268e+01
4.445330661322645369e+02 9.698587415503115494e+01
4.461342685370741492e+02 9.676883196674761223e+01
4.477354709418837615e+02 9.654463550162762431e+01
4.493366733466933738e+02 9.631333677422155404e+01
4.509378757515029861e+02 9.607498936048600058e+01
4.525390781563125984e+02 9.582964837710633788e+01
4.541402805611222107e+02 9.557737046026082339e+01
4.557414829659318229e+02 9.531821374383760315e+01
4.573426853707414921e+02 9.505223783711663543e+01
4.589438877755511044e+02 9.477950380192807245e+01
4.605450901803607167e+02 9.450007412929981854e+01
4.621462925851703289e+02 9.421401271560637269e+01
4.637474949899799412e+02 9.392138483823200090e+01
4.653486973947895535e+02 9.362225713076097122e+01
4.669498997995991658e+02 9.331669755770815300e+01
4.685511022044087781e+02 9.300477538880343786e+01
4.701523046092183904e+02 9.268656117284346863e+01
4.717535070140280595e+02 9.236212671112450323e+01
4.733547094188376718e+02 9.203154503047059620e+01
4.749559118236472841e+02 9.169489035587089631e+01
4.765571142284568964e+02 9.135223808274081136e+01
4.781583166332665087e+02 9.100366474882119405e+01
4.797595190380761210e+02 9.064924800573039931e+01
4.813607214428857333e+02 9.028906659018389291e+01
4.829619238476953456e+02 8.992320029489636113e+01
4.845631262525050147e+02 8.955172993918122870e+01
4.861643286573146270e+02 8.917473733926311752e+01
4.877655310621242393e+02 8.879230527831764164e+01
4.893667334669338516e+02 8.840451747625495216e+01
4.909679358717434638e+02 8.801145855926151285e+01
4.925691382765530761e+02 8.761321402911602263e+01
4.941703406813626884e+02 8.720987023229493218e+01
4.957715430861723007e+02 8.680151432888303020e+01
4.973727454909819699e+02 8.638823426130485927e+01
4.989739478957915821e+02 8.597011872289250789e+01
5.005751503006011944e+02 8.554725712630528278e+01
5.021763527054108067e+02 8.511973957181733397e+01
5.037775551102204190e+02 8.468765681548838131e+01
5.053787575150300313e+02 8.425110023723365771e+01
5.069799599198396436e+02 8.381016180880833133e+01
5.085811623246492559e+02 8.336493406172226628e+01
5.101823647294589250e+02 8.291551005510038408e+01
5.117835671342685373e+02 8.246198334350455639e+01
5.133847695390780927e+02 8.200444794473199295e+01
5.149859719438877619e+02 8.154299830760575674e+01
5.165871743486973173e+02 8.107772927977292454e+01
5.181883767535069865e+02 8.060873607552478859e+01
5.197895791583166556e+02 8.013611424365541325e+01
5.213907815631262110e+02 7.965995963537240243e+01
5.229919839679358802e+02 7.918036837227533908e+01
5.245931863727454356e+02 7.869743681441680394e+01
5.261943887775551048e+02 7.821126152846005652e+01
5.277955911823646602e+02 7.772193925594842767e+01
5.293967935871743293e+02 7.722956688170019390e+01
5.309979959919839985e+02 7.673424140234391189e+01
5.325991983967935539e+02 7.623605989500728697e+01
5.342004008016032230e+02 7.573511948617397138e+01
5.358016032064127785e+02 7.523151732072219033e+01
5.374028056112224476e+02 7.472535053115780102e+01
5.390040080160320031e+02 7.421671620705613748e+01
5.406052104208416722e+02 7.370571136472472062e+01
5.422064128256512276e+02 7.319243291710053256e+01
5.438076152304608968e+02 7.267697764389372139e+01
5.454088176352705659e+02 7.215944216199105199e+01
5.470100200400801214e+02 7.163992289613038622e+01
5.486112224448897905e+02 7.111851604985869812e+01
5.502124248496993459e+02 7.059531757678553276e+01
5.518136272545090151e+02 7.007042315214245320e+01
5.534148296593185705e+02 6.954392814466106643e+01
5.550160320641282397e+02 6.901592758877913525e+01
5.566172344689379088e+02 6.848651615718677022e+01
5.582184368737474642e+02 6.795578813372219429e+01
5.598196392785571334e+02 6.742383738662762482e+01
5.614208416833666888e+02 6.689075734217546199e+01
5.630220440881763579e+02 6.635664095867348067e+01
5.646232464929859134e+02 6.582158070085965562e+01
5.662244488977955825e+02 6.528566851469413734e+01
5.678256513026051380e+02 6.474899580255868159e+01
5.694268537074148071e+02 6.421165339887049583e+01
5.710280561122244762e+02 6.367373154611998132e+01
5.726292585170340317e+02 6.313531987133921319e+01
5.742304609218437008e+02 6.259650736300908136e+01
5.758316633266532563e+02 6.205738234841275869e+01
5.774328657314629254e+02 6.151803247144144393e+01
5.790340681362724808e+02 6.097854467086013841e+01
5.806352705410821500e+02 6.043900515903872872e+01
5.822364729458917054e+02 5.989949940115537430e+01
5.838376753507013746e+02 5.936011209487682549e+01
5.854388777555110437e+02 5.882092715052217358e+01
5.870400801603205991e+02 5.828202767171418941e+01
5.886412825651302683e+02 5.774349593652328139e+01
5.902424849699398237e+02 5.720541337910908197e+01
5.918436873747494928e+02 5.666786057186256897e+01
5.934448897795590483e+02 5.613091720805396534e+01
5.950460921843687174e+02 5.559466208498845674e+01
5.966472945891783866e+02 5.505917308767438101e+01
5.982484969939879420e+02 5.452452717300547391e+01
5.998496993987976111e+02 5.399080035446031189e+01
6.014509018036071666e+02 5.345806768732159497e+01
6.030521042084168357e+02 5.292640325441615801e+01
6.046533066132263912e+02 5.239588015237851693e+01
6.062545090180360603e+02 5.186657047843821999e+01
6.078557114228456157e+02 5.133854531773304330e+01
6.094569138276552849e+02 5.081187473114764686e+01
6.110581162324649540e+02 5.028662774367938226e+01
6.126593186372745095e+02 4.976287233333021476e+01
6.142605210420841786e+02 4.924067542052519997e+01
6.158617234468937340e+02 4.872010285805730945e+01
6.174629258517034032e+02 4.820121942155707018e+01
6.190641282565129586e+02 4.768408880048694698e+01
6.206653306613226277e+02 4.716877358965825096e+01
6.222665330661321832e+02 4.665533528127003393e+01
6.238677354709418523e+02 4.614383425746693490e+01
6.254689378757515215e+02 4.563432978341511159e+01
6.270701402805610769e+02 4.512688000089297446e+01
6.286713426853707460e+02 4.462154192239433570e+01
6.302725450901803015e+02 4.411837142574163551e+01
6.318737474949899706e+02 4.361742324920511038e+01
6.334749498997995261e+02 4.311875098712565091e+01
6.350761523046091952e+02 4.262240708603665951e+01
6.366773547094188643e+02 4.212844284128213701e+01
6.382785571142284198e+02 4.163690839412601008e+01
6.398797595190380889e+02 4.114785272934879146e+01
6.414809619238476444e+02 4.066132367332743769e+01
6.430821643286573135e+02 4.017736789259274843e+01
6.446833667334668689e+02 3.969603089286045616e+01
6.462845691382765381e+02 3.921735701852983880e+01
6.478857715430860935e+02 3.874138945264548539e+01
6.494869739478957626e+02 3.826817021731577739e+01
6.510881763527054318e+02 3.779774017458320401e+01
6.526893787575149872e+02 3.733013902774001735e+01
6.542905811623246564e+02 3.686540532308330143e+01
6.558917835671342118e+02 3.640357645210367110e+01
6.574929859719438809e+02 3.594468865410038916e+01
6.590941883767534364e+02 3.548877701921720274e+01
6.606953907815631055e+02 3.503587549189149541e+01
6.622965931863727747e+02 3.458601687471048791e+01
6.638977955911823301e+02 3.413923283266709774e+01
6.654989979959919992e+02 3.369555389780840216e+01
6.671002004008015547e+02 3.325500947426989029e+01
6.687014028056112238e+02 3.281762784368744690e+01
6.703026052104207793e+02 3.238343617098032468e+01
6.719038076152304484e+02 3.195246051049681668e+01
6.735050100200400038e+02 3.152472581251577921e+01
6.751062124248496730e+02 3.110025593009530454e+01
6.767074148296593421e+02 3.067907362626154466e+01
6.783086172344688975e+02 3.026120058152922354e+01
6.799098196392785667e+02 2.984665740174582993e+01
6.815110220440881221e+02 2.943546362625190227e+01
6.831122244488977913e+02 2.902763773634845634e+01
6.847134268537073467e+02 2.862319716406429038e+01
6.863146292585170158e+02 2.822215830121387725e+01
6.879158316633265713e+02 2.782453650873863538e+01
6.895170340681362404e+02 2.743034612632214220e+01
6.911182364729459096e+02 2.703960048227189006e+01
6.927194388777554650e+02 2.665231190365851077e+01
6.943206412825651341e+02 2.626849172670415555e+01
6.959218436873746896e+02 2.588815030741209355e+01
6.975230460921843587e+02 2.551129703242814983e+01
6.991242484969939142e+02 2.513794033012649720e+01
7.007254509018035833e+02 2.476808768191047960e+01
7.023266533066132524e+02 2.440174563372076477e+01
7.039278557114228079e+02 2.403891980774174897e+01
7.055290581162324770e+02 2.367961491429803189e+01
7.071302605210420325e+02 2.332383476393281185e+01
7.087314629258517016e+02 2.297158227965915600e+01
7.103326653306612570e+02 2.262285950937659607e+01
7.119338677354709262e+02 2.227766763844386944e+01
7.135350701402804816e+02 2.193600700240034129e+01
7.151362725450901507e+02 2.159787709982713011e+01
7.167374749498998199e+02 2.126327660534036212e+01
7.183386773547093753e+02 2.093220338270792880e+01
7.199398797595190445e+02 2.060465449808188509e+01
7.215410821643285999e+02 2.028062623333862291e+01
7.231422845691382690e+02 1.996011409951838189e+01
7.247434869739478245e+02 1.964311285035679688e+01
7.263446893787574936e+02 1.932961649590011177e+01
7.279458917835670491e+02 1.901961831619685128e+01
7.295470941883767182e+02 1.871311087505771553e+01
7.311482965931863873e+02 1.841008603387674114e+01
7.327494989979959428e+02 1.811053496550573527e+01
7.343507014028056119e+02 1.781444816817476351e+01
7.359519038076151674e+02 1.752181547945163942e+01
7.375531062124248365e+02 1.723262609023265668e+01
7.391543086172343919e+02 1.694686855875811204e+01
7.407555110220440611e+02 1.666453082464502344e+01
7.423567134268537302e+02 1.638560022293062701e+01
7.439579158316632856e+02 1.611006349811952276e+01
7.455591182364729548e+02 1.583790681822794610e+01
7.471603206412825102e+02 1.556911578881869573e+01
7.487615230460921794e+02 1.530367546701994463e+01
7.503627254509017348e+02 1.504157037552208998e+01
7.519639278557114039e+02 1.478278451654586689e+01
7.535651302605209594e+02 1.452730138577620700e+01
7.551663326653306285e+02 1.427510398625531884e+01
7.567675350701402976e+02 1.402617484222970745e+01
7.583687374749498531e+02 1.378049601294490856e+01
7.599699398797595222e+02 1.353804910638263337e+01
7.615711422845690777e+02 1.329881529293493436e+01
7.631723446893787468e+02 1.306277531900971489e+01
7.647735470941883023e+02 1.282990952056282730e+01
7.663747494989979714e+02 1.260019783655125281e+01
7.679759519038076405e+02 1.237361982230286550e+01
7.695771543086171960e+02 1.215015466279762002e+01
7.711783567134268651e+02 1.192978118585557823e+01
7.727795591182364205e+02 1.171247787522757378e+01
7.743807615230460897e+02 1.149822288358352473e+01
7.759819639278556451e+02 1.128699404539472972e+01
7.775831663326653143e+02 1.107876888970554496e+01
7.791843687374748697e+02 1.087352465279086466e+01
7.807855711422845388e+02 1.067123829069515573e+01
7.823867735470942080e+02 1.047188649164967700e+01
7.839879759519037634e+02 1.027544568836410832e+01
7.855891783567134325e+02 1.008189207018909528e+01
7.871903807615229880e+02 9.891201595146686287e+00
7.887915831663326571e+02 9.703350001825050697e+00
7.903927855711422126e+02 9.518312821134946589e+00
7.919939879759518817e+02 9.336065387924472603e+00
7.935951903807614372e+02 9.156582852449890453e+00
7.951963927855711063e+02 8.979840191699359764e+00
7.967975951903807754e+02 8.805812220567515780e+00
7.983987975951903309e+02 8.634473602878166787e+00
8.000000000000000000e+02 8.465798862252997381e+00
