x, Amplitude
0.000000000000000000e+00 0.000000000000000000e+00
6.289474781961547356e-03 6.285329004448193813e-02
1.257894956392309471e-02 1.254580301802960263e-01
1.886842434588464207e-02 1.875666533758371390e-01
2.515789912784618942e-02 2.489335544668916100e-01
3.144737390980773678e-02 3.093160613888688570e-01
3.773684869176928414e-02 3.684753948102498788e-01
4.402632347373083149e-02 4.261776123724352883e-01
5.031579825569237885e-02 4.821945338020476868e-01
5.660527303765392620e-02 5.363046432373823613e-01
6.289474781961547356e-02 5.882939652008050135e-01
6.918422260157702786e-02 6.379569107531118943e-01
7.547369738353856827e-02 6.850970904837808684e-01
8.176317216550010869e-02 7.295280911221883047e-01
8.805264694746166299e-02 7.710742126987246703e-01
9.434212172942321728e-02 8.095711633407439711e-01
1.006315965113847577e-01 8.448667089558177246e-01
1.069210712933462981e-01 8.768212752331534521e-01
1.132105460753078524e-01 9.053084995825966264e-01
1.195000208572694067e-01 9.302157308286042037e-01
1.257894956392309471e-01 9.514444746831766109e-01
1.320789704211924875e-01 9.689107832361495420e-01
1.383684452031540557e-01 9.825455869226277228e-01
1.446579199851155961e-01 9.922949676548136200e-01
1.509473947670771365e-01 9.981203720381462974e-01
1.572368695490386770e-01 9.999987638285974256e-01
1.635263443310002174e-01 9.979227150282432568e-01
1.698158191129617856e-01 9.919004352588769446e-01
1.761052938949233260e-01 9.819557392975066801e-01
1.823947686768848664e-01 9.681279529021188379e-01
1.886842434588464346e-01 9.504717573001114639e-01
1.949737182408079750e-01 9.290569729543627364e-01
2.012631930227695154e-01 9.039682834620161866e-01
2.075526678047310558e-01 8.753049006778130803e-01
2.138421425866925962e-01 8.431801723862226705e-01
2.201316173686541644e-01 8.077211340738067458e-01
2.264210921506157048e-01 7.690680065743169536e-01
2.327105669325772452e-01 7.273736415730488458e-01
2.390000417145388134e-01 6.828029171631890826e-01
2.452895164965003538e-01 6.355320858443841425e-01
2.515789912784618942e-01 5.857480775418396624e-01
2.578684660604234624e-01 5.336477604021225840e-01
2.641579408423849751e-01 4.794371622888103368e-01
2.704474156243465433e-01 4.233306560565345267e-01
2.767368904063081114e-01 3.655501118252190151e-01
2.830263651882696241e-01 3.063240196067837928e-01
2.893158399702311923e-01 2.458865857538505562e-01
2.956053147521927049e-01 1.844768068034929598e-01
3.018947895341542731e-01 1.223375243784573102e-01
3.081842643161158413e-01 5.971446488320989593e-02
3.144737390980773539e-01 -3.144732207735998451e-03
3.207632138800389221e-01 -6.599149362662022622e-02
3.270526886620004348e-01 -1.285772952818680370e-01
3.333421634439620029e-01 -1.906546450330640352e-01
3.396316382259235711e-01 -2.519780613851247408e-01
3.459211130078850838e-01 -3.123050442314886932e-01
3.522105877898466519e-01 -3.713970338075678890e-01
3.585000625718082201e-01 -4.290203540623263034e-01
3.647895373537697328e-01 -4.849471367174872927e-01
3.710790121357313009e-01 -5.389562223602160085e-01
3.773684869176928691e-01 -5.908340350059581025e-01
3.836579616996543818e-01 -6.403754266730258271e-01
3.899474364816159500e-01 -6.873844886291101686e-01
3.962369112635774626e-01 -7.316753261016779586e-01
4.025263860455390308e-01 -7.730727933887174830e-01
4.088158608275005990e-01 -8.114131864628658652e-01
4.151053356094621116e-01 -8.465448903300604178e-01
4.213948103914236798e-01 -8.783289785827683716e-01
4.276842851733851925e-01 -9.066397627768889578e-01
4.339737599553467606e-01 -9.313652894598539733e-01
4.402632347373083288e-01 -9.524077828844514926e-01
4.465527095192698415e-01 -9.696840316576873509e-01
4.528421843012314096e-01 -9.831257177957041238e-01
4.591316590831929778e-01 -9.926796868835202625e-01
4.654211338651544905e-01 -9.983081582712681756e-01
4.717106086471160586e-01 -9.999888744757140513e-01
4.780000834290776268e-01 -9.977151891962614538e-01
4.842895582110391395e-01 -9.914960935973848866e-01
4.905790329930007077e-01 -9.813561807535594594e-01
4.968685077749622203e-01 -9.673355483972903013e-01
5.031579825569237885e-01 -9.494896403548136465e-01
5.094474573388853011e-01 -9.278890272965096830e-01
5.157369321208469248e-01 -9.026191276690342935e-01
5.220264069028084375e-01 -8.737798699127286017e-01
5.283158816847699502e-01 -8.414852973000508385e-01
5.346053564667315738e-01 -8.058631169576689901e-01
5.408948312486930865e-01 -7.670541948555988920e-01
5.471843060306545992e-01 -7.252119987603977691e-01
5.534737808126162228e-01 -6.805019913552524669e-01
5.597632555945777355e-01 -6.331009759268215742e-01
5.660527303765392482e-01 -5.831963972062739199e-01
5.723422051585007608e-01 -5.309856001293212779e-01
5.786316799404623845e-01 -4.766750494464279120e-01
5.849211547224238972e-01 -4.204795132692151771e-01
5.912106295043854098e-01 -3.626212137816681169e-01
5.975001042863470335e-01 -3.033289484746273246e-01
6.037895790683085462e-01 -2.428371853785873391e-01
6.100790538502700588e-01 -1.813851358726524809e-01
6.163685286322316825e-01 -1.192158087361733648e-01
6.226580034141931952e-01 -5.657504918379272635e-02
6.289474781961547079e-01 6.289433316067026374e-03
6.352369529781163315e-01 6.912904459478434738e-02
6.415264277600778442e-01 1.316952888356230644e-01
6.478159025420393569e-01 1.937407512368967688e-01
6.541053773240008695e-01 2.550200764003092146e-01
6.603948521059624932e-01 3.152909385755017779e-01
6.666843268879240059e-01 3.743149999240178993e-01
6.729738016698855185e-01 4.318588530132960734e-01
6.792632764518471422e-01 4.876949438136337633e-01
6.855527512338086549e-01 5.416024715481897456e-01
6.918422260157701675e-01 5.933682618376190376e-01
6.981317007977317912e-01 6.427876096865392519e-01
7.044211755796933039e-01 6.896650889782615090e-01
7.107106503616548165e-01 7.338153252767271040e-01
7.170001251436164402e-01 7.750637288796013991e-01
7.232895999255779529e-01 8.132471852237325161e-01
7.295790747075394655e-01 8.482146999128017395e-01
7.358685494895010892e-01 8.798279958164291203e-01
7.421580242714626019e-01 9.079620598795458131e-01
7.484474990534241146e-01 9.325056374797070502e-01
7.547369738353857382e-01 9.533616723774294144e-01
7.610264486173472509e-01 9.704476905197967351e-01
7.673159233993087636e-01 9.836961261796099976e-01
7.736053981812702762e-01 9.930545891403674830e-01
7.798948729632318999e-01 9.984860718705224070e-01
7.861843477451934126e-01 9.999690958677469599e-01
7.924738225271549252e-01 9.974977965944997749e-01
7.987632973091165489e-01 9.910819466690197199e-01
8.050527720910780616e-01 9.807469172200398155e-01
8.113422468730395742e-01 9.665335775580419231e-01
8.176317216550011979e-01 9.484981335597951757e-01
8.239211964369627106e-01 9.267119054052853633e-01
8.302106712189242232e-01 9.012610455459448833e-01
8.365001460008858469e-01 8.722461980194862186e-01
8.427896207828473596e-01 8.397821004585404037e-01
8.490790955648088723e-01 8.039971303669409819e-01
8.553685703467703849e-01 7.650327974578912116e-01
8.616580451287320086e-01 7.230431840615102468e-01
8.679475199106935213e-01 6.781943358146669265e-01
8.742369946926550339e-01 6.306636050425588058e-01
8.805264694746166576e-01 5.806389494286053887e-01
8.868159442565781703e-01 5.283181887460522974e-01
8.931054190385396829e-01 4.739082225904451273e-01
8.993948938205013066e-01 4.176242122064668938e-01
9.056843686024628193e-01 3.596887296445367976e-01
9.119738433844243319e-01 3.003308776117510903e-01
9.182633181663859556e-01 2.397853834977360932e-01
9.245527929483474683e-01 1.782916711579772828e-01
9.308422677303089809e-01 1.160929141252310531e-01
9.371317425122706046e-01 5.343507399305771205e-02
9.434212172942321173e-01 -9.434072225895224345e-03
9.497106920761936300e-01 -7.226591192058601232e-02
9.560001668581552536e-01 -1.348119800065837592e-01
9.622896416401167663e-01 -1.968249414677054887e-01
9.685791164220782790e-01 -2.580595694288491115e-01
9.748685912040397916e-01 -3.182737148923062698e-01
9.811580659860014153e-01 -3.772292643027698178e-01
9.874475407679629280e-01 -4.346930811543944229e-01
9.937370155499244406e-01 -4.904379279164198246e-01
1.000026490331886064e+00 -5.442433646315787410e-01
1.006315965113847577e+00 -5.958966206338964788e-01
1.012605439895809090e+00 -6.451934359386926054e-01
1.018894914677770602e+00 -6.919388689775445300e-01
1.025184389459732115e+00 -7.359480674841022418e-01
1.031473864241693850e+00 -7.770469994822877258e-01
1.037763339023655362e+00 -8.150731414862618651e-01
1.044052813805616875e+00 -8.498761211906863400e-01
1.050342288587578388e+00 -8.813183121098063788e-01
1.056631763369539900e+00 -9.092753778138874532e-01
1.062921238151501413e+00 -9.336367636108454660e-01
1.069210712933463148e+00 -9.543061337287489510e-01
1.075500187715424660e+00 -9.712017522703760841e-01
1.081789662497386173e+00 -9.842568064333685474e-01
1.088079137279347686e+00 -9.934196707178104546e-01
1.094368612061309198e+00 -9.986541110764564078e-01
1.100658086843270711e+00 -9.999394282002936896e-01
1.106947561625232446e+00 -9.972705393728327206e-01
1.113237036407193958e+00 -9.906579985694319301e-01
1.119526511189155471e+00 -9.801279547221767308e-01
1.125815985971116984e+00 -9.657220483153546864e-01
1.132105460753078496e+00 -9.474972467204302307e-01
1.138394935535040009e+00 -9.255256189216790608e-01
1.144684410317001522e+00 -8.998940505233191667e-01
1.150973885098963256e+00 -8.707039001651274424e-01
1.157263359880924769e+00 -8.380705987052270434e-01
1.163552834662886282e+00 -8.021231927550441787e-01
1.169842309444847794e+00 -7.630038343715285221e-01
1.176131784226809307e+00 -7.208672189245859396e-01
1.182421259008770820e+00 -6.758799733626810191e-01
1.188710733790732554e+00 -6.282199972956424849e-01
1.195000208572694067e+00 -5.780757595003719329e-01
1.201289683354655580e+00 -5.256455526313215110e-01
1.207579158136617092e+00 -4.711367090830181903e-01
1.213868632918578605e+00 -4.147647811054084865e-01
1.220158107700540118e+00 -3.567526884142344645e-01
1.226447582482501630e+00 -2.973298366671745518e-01
1.232737057264463365e+00 -2.367312102916797889e-01
1.239026532046424878e+00 -1.751964432518702264e-01
1.245316006828386390e+00 -1.129688714290735807e-01
1.251605481610347903e+00 -5.029457036336817261e-02
1.257894956392309416e+00 1.257861783873961102e-02
1.264184431174270928e+00 7.540206458239891163e-02
1.270473905956232663e+00 1.379273379726532189e-01
1.276763380738194176e+00 1.999071852248029968e-01
1.283052855520155688e+00 2.610965104120872016e-01
1.289342330302117201e+00 3.212533436841432111e-01
1.295631805084078714e+00 3.801397981235950518e-01
1.301921279866040226e+00 4.375230104569015621e-01
1.308210754648001739e+00 4.931760618994722178e-01
1.314500229429963474e+00 5.468788754936272367e-01
1.320789704211924986e+00 5.984190863909256697e-01
1.327079178993886499e+00 6.475928816373933694e-01
1.333368653775848012e+00 6.942058061407210268e-01
1.339658128557809524e+00 7.380735316323379092e-01
1.345947603339771037e+00 7.790225855834893576e-01
1.352237078121732772e+00 8.168910371929051228e-01
1.358526552903694284e+00 8.515291377333104039e-01
1.364816027685655797e+00 8.827999127246189959e-01
1.371105502467617310e+00 9.105797035920353277e-01
1.377394977249578822e+00 9.347586566671503006e-01
1.383684452031540335e+00 9.552411575982858727e-01
1.389973926813502070e+00 9.719462094522334228e-01
1.396263401595463582e+00 9.848077530122080203e-01
1.402552876377425095e+00 9.937749280054239964e-01
1.408842351159386608e+00 9.988122742272691479e-01
1.415131825941348120e+00 9.998998717667488823e-01
1.421421300723309633e+00 9.970334197786903108e-01
1.427710775505271146e+00 9.902242534911989136e-01
1.434000250287232880e+00 9.794992993811165727e-01
1.440289725069194393e+00 9.649009686947395137e-01
1.446579199851155906e+00 9.464869897348529015e-01
1.452868674633117418e+00 9.243301795773086749e-01
1.459158149415078931e+00 8.985181561198681832e-01
1.465447624197040444e+00 8.691529916020005464e-01
1.471737098979002178e+00 8.363508089657767375e-01
1.478026573760963691e+00 8.002413226540323610e-01
1.484316048542925204e+00 7.609673256616686920e-01
1.490605523324886716e+00 7.186841248685391648e-01
1.496894998106848229e+00 6.735589268868676927e-01
1.503184472888809742e+00 6.257701768518073582e-01
1.509473947670771476e+00 5.755068527698896652e-01
1.515763422452732989e+00 5.229677182158032345e-01
1.522052897234694502e+00 4.683605363326623916e-01
1.528342372016656014e+00 4.119012482439941003e-01
1.534631846798617527e+00 3.538131191263396702e-01
1.540921321580579040e+00 2.943258553192839577e-01
1.547210796362540552e+00 2.336746959642558574e-01
1.553500271144502287e+00 1.720994827641701974e-01
1.559789745926463800e+00 1.098437115425006799e-01
1.566079220708425312e+00 4.715356935230757135e-02
1.572368695490386825e+00 -1.572303905703963112e-02
1.578658170272348338e+00 -7.853747156566701082e-02
1.584947645054309850e+00 -1.410413319249172737e-01
1.591237119836271585e+00 -2.029874520267615501e-01
1.597526594618233098e+00 -2.641308693166053434e-01
1.603816069400194610e+00 -3.242297954843688101e-01
1.610105544182156123e+00 -3.830465726031661022e-01
1.616395018964117636e+00 -4.403486129346182443e-01
1.622684493746079148e+00 -4.959093186843858136e-01
1.628973968528040661e+00 -5.495089780708030114e-01
1.635263443310002396e+00 -6.009356341631232334e-01
1.641552918091963909e+00 -6.499859230536446653e-01
1.647842392873925421e+00 -6.964658780492202217e-01
1.654131867655886934e+00 -7.401916967019425142e-01
1.660421342437848446e+00 -7.809904676459168416e-01
1.666710817219809959e+00 -8.187008543658257365e-01
1.673000292001771694e+00 -8.531737331933928470e-01
1.679289766783733207e+00 -8.842727830087764307e-01
1.685579241565694719e+00 -9.118750243150327561e-01
1.691868716347656232e+00 -9.358713055538113723e-01
1.698158191129617745e+00 -9.561667347392505123e-01
1.704447665911579257e+00 -9.726810547031599086e-01
1.710737140693540770e+00 -9.853489604676158864e-01
1.717026615475502505e+00 -9.941203574899393214e-01
1.723316090257464017e+00 -9.989605597588272490e-01
1.729605565039425530e+00 -9.998504269583005089e-01
1.735895039821387043e+00 -9.967864401570344368e-01
1.742184514603348555e+00 -9.897807157237836773e-01
1.748473989385310068e+00 -9.788609574138623648e-01
1.754763464167271803e+00 -9.640703468161506695e-01
1.761052938949233315e+00 -9.454673725938632645e-01
1.767342413731194828e+00 -9.231255991943133621e-01
1.773631888513156341e+00 -8.971333759423150145e-01
1.779921363295117853e+00 -8.675934876676020258e-01
1.786210838077079366e+00 -8.346227482478197901e-01
1.792500312859041101e+00 -7.983515386744061137e-01
1.798789787641002613e+00 -7.589232914680887898e-01
1.805079262422964126e+00 -7.164939234827852887e-01
1.811368737204925639e+00 -6.712312193409044614e-01
1.817658211986887151e+00 -6.233141679382181444e-01
1.823947686768848664e+00 -5.729322546420210216e-01
1.830237161550810177e+00 -5.202847119815826593e-01
1.836526636332771911e+00 -4.655797317939573410e-01
1.842816111114733424e+00 -4.090336419407488711e-01
1.849105585896694937e+00 -3.508700508513330485e-01
1.855395060678656449e+00 -2.913189632755492919e-01
1.861684535460617962e+00 -2.306158707424417753e-01
1.867974010242579475e+00 -1.690008203218501814e-01
1.874263485024541209e+00 -1.067174653713594823e-01
1.880552959806502722e+00 -4.401210202238171193e-02
1.886842434588464235e+00 1.886730478446402987e-02
1.893131909370425747e+00 8.167210186320413012e-02
1.899421384152387260e+00 1.441539310679563202e-01
1.905710858934348773e+00 2.060657114116911381e-01
1.912000333716310507e+00 2.671626161345204142e-01
1.918289808498272020e+00 3.272030408577712990e-01
1.924579283280233533e+00 3.859495589953288452e-01
1.930868758062195045e+00 4.431698606441235588e-01
1.937158232844156558e+00 4.986376712409894552e-01
1.943447707626118071e+00 5.521336463530687189e-01
1.949737182408079583e+00 6.034462390634223183e-01
1.956026657190041318e+00 6.523725365217903915e-01
1.962316131972002831e+00 6.987190623523672484e-01
1.968605606753964343e+00 7.423025417456071695e-01
1.974895081535925856e+00 7.829506262084614532e-01
1.981184556317887369e+00 8.205025751070862405e-01
1.987474031099848881e+00 8.548098913069250848e-01
1.993763505881810616e+00 8.857369083965288548e-01
2.000052980663772129e+00 9.131613271729830394e-01
2.006342455445733641e+00 9.369746992674368169e-01
2.012631930227695154e+00 9.570828559982699213e-01
2.018921405009656667e+00 9.734062807560021069e-01
2.025210879791618179e+00 9.858804234473954597e-01
2.031500354573579692e+00 9.944559557552774542e-01
2.037789829355541205e+00 9.990989662046813047e-01
2.044079304137502717e+00 9.997910942639262055e-01
2.050368778919464230e+00 9.965296029503369901e-01
2.056658253701426187e+00 9.893273896534934275e-01
2.062947728483387699e+00 9.782129351332089495e-01
2.069237203265349212e+00 9.632301908939130408e-01
2.075526678047310725e+00 9.444384053808292379e-01
2.081816152829272237e+00 9.219118896852254164e-01
2.088105627611233750e+00 8.957397236852554512e-01
2.094395102393195263e+00 8.660254037844402619e-01
2.100684577175156775e+00 8.328864336407749702e-01
2.106974051957118288e+00 7.964538595049303060e-01
2.113263526739079801e+00 7.568717520049951242e-01
2.119553001521041313e+00 7.142966364270241231e-01
2.125842476303002826e+00 6.688968737443424795e-01
2.132131951084964339e+00 6.208519948432463798e-01
2.138421425866926295e+00 5.703519905779009802e-01
2.144710900648887808e+00 5.175965604618775195e-01
2.151000375430849321e+00 4.627943229673007197e-01
2.157289850212810833e+00 4.061619905544737175e-01
2.163579324994772346e+00 3.479235126942846756e-01
2.169868799776733859e+00 2.883091902722255129e-01
2.176158274558695371e+00 2.275547648760856412e-01
2.182447749340656884e+00 1.659004865687161434e-01
2.188737224122618397e+00 1.035901638322415663e-01
2.195026698904579909e+00 4.087019944071331595e-02
2.201316173686541422e+00 -2.201138392622280920e-02
2.207605648468502935e+00 -8.480592447550498736e-02
2.213895123250464891e+00 -1.472651046201410296e-01
2.220184598032426404e+00 -2.091419329375677483e-01
2.226474072814387917e+00 -2.701917208837796291e-01
2.232763547596349429e+00 -3.301730504008347777e-01
2.239053022378310942e+00 -3.888487285913860836e-01
2.245342497160272455e+00 -4.459867256850750805e-01
2.251631971942233967e+00 -5.013610925876055280e-01
2.257921446724195480e+00 -5.547528543841142579e-01
2.264210921506156993e+00 -6.059508762635458234e-01
2.270500396288118505e+00 -6.547526984397331606e-01
2.276789871070080018e+00 -7.009653367675935387e-01
2.283079345852041531e+00 -7.444060458884156350e-01
2.289368820634003043e+00 -7.849030418864016978e-01
2.295658295415965000e+00 -8.222961815988092393e-01
2.301947770197926513e+00 -8.564375958933460042e-01
2.308237244979888025e+00 -8.871922744086043755e-01
2.314526719761849538e+00 -9.144385994451648125e-01
2.320816194543811051e+00 -9.380688268961652199e-01
2.327105669325772563e+00 -9.579895123154885672e-01
2.333395144107734076e+00 -9.741218804387352659e-01
2.339684618889695589e+00 -9.864021366957139714e-01
2.345974093671657101e+00 -9.947817194825849807e-01
2.352263568453618614e+00 -9.992274921960793144e-01
2.358553043235580127e+00 -9.997218742703887218e-01
2.364842518017541639e+00 -9.962629106985547711e-01
2.371131992799503152e+00 -9.888642797634363824e-01
2.377421467581465109e+00 -9.775552389476862558e-01
2.383710942363426621e+00 -9.623805092366334302e-01
2.390000417145388134e+00 -9.434000982715822214e-01
2.396289891927349647e+00 -9.206890630528640207e-01
2.402579366709311159e+00 -8.943372131310280970e-01
2.408868841491272672e+00 -8.644487554598656587e-01
2.415158316273234185e+00 -8.311418823156940805e-01
2.421447791055195697e+00 -7.945483039124460189e-01
2.427737265837157210e+00 -7.548127275608009779e-01
2.434026740619118723e+00 -7.120922854310274275e-01
2.440316215401080235e+00 -6.665559131823762806e-01
2.446605690183041748e+00 -6.183836819162195075e-01
2.452895164965003261e+00 -5.677660860947116861e-01
2.459184639746965217e+00 -5.149032902408131607e-01
2.465474114528926730e+00 -4.600043373986110740e-01
2.471763589310888243e+00 -4.032863224839808303e-01
2.478053064092849755e+00 -3.449735337945928904e-01
2.484342538874811268e+00 -2.852965660740517384e-01
2.490632013656772781e+00 -2.244914086375740525e-01
2.496921488438734293e+00 -1.627985121650987743e-01
2.503210963220695806e+00 -1.004618378521719008e-01
2.509500438002657319e+00 -3.772789267872060648e-02
2.515789912784618831e+00 2.515524538937295371e-02
2.522079387566580344e+00 8.793890841105890532e-02
2.528368862348541857e+00 1.503748218139313864e-01
2.534658337130503369e+00 2.122160861825031497e-01
2.540947811912465326e+00 2.732181536084651308e-01
2.547237286694426839e+00 3.331397947420573491e-01
2.553526761476388351e+00 3.917440527203943645e-01
2.559816236258349864e+00 4.487991802004597242e-01
2.566105711040311377e+00 5.040795557913226865e-01
2.572395185822272889e+00 5.573665762616407671e-01
2.578684660604234402e+00 6.084495209942162308e-01
2.584974135386195915e+00 6.571263852691854312e-01
2.591263610168157427e+00 7.032046790806814052e-01
2.597553084950118940e+00 7.465021883280500425e-01
2.603842559732080453e+00 7.868476953715862754e-01
2.610132034514041965e+00 8.240816561033612597e-01
2.616421509296003478e+00 8.580568308556849599e-01
2.622710984077965435e+00 8.886388666523554747e-01
2.629000458859926947e+00 9.157068285001689345e-01
2.635289933641888460e+00 9.391536776197677572e-01
2.641579408423849973e+00 9.588866947246489358e-01
2.647868883205811485e+00 9.748278466745337045e-01
2.654158357987772998e+00 9.869140950531597456e-01
2.660447832769734511e+00 9.950976454502655777e-01
2.666737307551696023e+00 9.993461364619806719e-01
2.673026782333657536e+00 9.996427676622300362e-01
2.679316257115619049e+00 9.959863660391046203e-01
2.685605731897580561e+00 9.883913906334732546e-01
2.691895206679542074e+00 9.768878753614937960e-01
2.698184681461504031e+00 9.615213102471259488e-01
2.704474156243465544e+00 9.423524615343189526e-01
2.710763631025427056e+00 9.194571313902055731e-01
2.717053105807388569e+00 8.929258581495700398e-01
2.723342580589350082e+00 8.628635582859326414e-01
2.729632055371311594e+00 8.293891115250840995e-01
2.735921530153273107e+00 7.926348907416859157e-01
2.742211004935234619e+00 7.527462384979557442e-01
2.748500479717196132e+00 7.098808922944317423e-01
2.754789954499157645e+00 6.642083608056169597e-01
2.761079429281119157e+00 6.159092535671822910e-01
2.767368904063080670e+00 5.651745667653980121e-01
2.773658378845042183e+00 5.122049279531193378e-01
2.779947853627004140e+00 4.572098026790806791e-01
2.786237328408965652e+00 4.004066661678050143e-01
2.792526803190927165e+00 3.420201433256693790e-01
2.798816277972888678e+00 2.822811204739718582e-01
2.805105752754850190e+00 2.214258323215622382e-01
2.811395227536811703e+00 1.596949277875520379e-01
2.817684702318773216e+00 9.733251836830472681e-02
2.823974177100734728e+00 3.458521281182243973e-02
2.830263651882696241e+00 -2.829885808311350184e-02
2.836553126664657754e+00 -9.107102268663677669e-02
2.842842601446619266e+00 -1.534830518962127799e-01
2.849132076228580779e+00 -2.152881407450873974e-01
2.855421551010542291e+00 -2.762418843790686029e-01
2.861711025792504248e+00 -3.361032445422142412e-01
2.868000500574465761e+00 -3.946355027494395373e-01
2.874289975356427274e+00 -4.516071963768942821e-01
2.880579450138388786e+00 -5.067930339682691354e-01
2.886868924920350299e+00 -5.599747861375926616e-01
2.893158399702311812e+00 -6.109421485454207268e-01
2.899447874484273324e+00 -6.594935735358942175e-01
2.905737349266234837e+00 -7.054370671459518904e-01
2.912026824048196350e+00 -7.485909483349875160e-01
2.918316298830157862e+00 -7.887845674326288137e-01
2.924605773612119375e+00 -8.258589809635410450e-01
2.930895248394080888e+00 -8.596675801807418527e-01
2.937184723176042400e+00 -8.900766708219031154e-01
2.943474197958004357e+00 -9.169660017960125087e-01
2.949763672739965870e+00 -9.402292407097584404e-01
2.956053147521927382e+00 -9.597743943531887867e-01
2.962342622303888895e+00 -9.755241724818385363e-01
2.968632097085850408e+00 -9.874162934567883854e-01
2.974921571867811920e+00 -9.954037305340123210e-01
2.981211046649773433e+00 -9.994548978290692665e-01
2.987500521431734946e+00 -9.995537752217640293e-01
2.993789996213696458e+00 -9.956999717068381051e-01
3.000079470995657971e+00 -9.879087269401787275e-01
3.006368945777619484e+00 -9.762108509744303886e-01
3.012658420559580996e+00 -9.606526024223219773e-01
3.018947895341542953e+00 -9.412955055295030293e-01
3.025237370123504466e+00 -9.182161068802748849e-01
3.031526844905465978e+00 -8.915056726982846236e-01
3.037816319687427491e+00 -8.612698279392313472e-01
3.044105794469389004e+00 -8.276281386027335429e-01
3.050395269251350516e+00 -7.907136389150959399e-01
3.056684744033312029e+00 -7.506723052527264350e-01
3.062974218815273542e+00 -7.076624788865062410e-01
3.069263693597235054e+00 -6.618542398298695728e-01
3.075553168379196567e+00 -6.134287342666657761e-01
3.081842643161158080e+00 -5.625774582184408512e-01
3.088132117943119592e+00 -5.095015002838766405e-01
3.094421592725081105e+00 -4.544107464448836620e-01
3.100711067507043062e+00 -3.975230500839156411e-01
3.107000542289004574e+00 -3.390633704946774962e-01
3.113290017070966087e+00 -2.792628832928318316e-01
3.119579491852927600e+00 -2.183580662446467369e-01
3.125868966634889112e+00 -1.565897641285584618e-01
3.132158441416850625e+00 -9.420223632763004284e-02
3.138447916198812138e+00 -3.144219091912386910e-02
3.144737390980773650e+00 3.144219091911787389e-02
3.151026865762735163e+00 9.420223632762052268e-02
3.157316340544696676e+00 1.565897641285525221e-01
3.163605815326658188e+00 2.183580662446408804e-01
3.169895290108619701e+00 2.792628832928261140e-01
3.176184764890581214e+00 3.390633704946718341e-01
3.182474239672543170e+00 3.975230500839134207e-01
3.188763714454504683e+00 4.544107464448751688e-01
3.195053189236466196e+00 5.095015002838714224e-01
3.201342664018427708e+00 5.625774582184358552e-01
3.207632138800389221e+00 6.134287342666582266e-01
3.213921613582350734e+00 6.618542398298676854e-01
3.220211088364312246e+00 7.076624788865020221e-01
3.226500563146273759e+00 7.506723052527201068e-01
3.232790037928235272e+00 7.907136389150922762e-01
3.239079512710196784e+00 8.276281386027282139e-01
3.245368987492158297e+00 8.612698279392265732e-01
3.251658462274119810e+00 8.915056726982819590e-01
3.257947937056081322e+00 9.182161068802711101e-01
3.264237411838043279e+00 9.412955055295021412e-01
3.270526886620004792e+00 9.606526024223213112e-01
3.276816361401966304e+00 9.762108509744290563e-01
3.283105836183927817e+00 9.879087269401772842e-01
3.289395310965889330e+00 9.956999717068375499e-01
3.295684785747850842e+00 9.995537752217636962e-01
3.301974260529812355e+00 9.994548978290694885e-01
3.308263735311773868e+00 9.954037305340128761e-01
3.314553210093735380e+00 9.874162934567899397e-01
3.320842684875696893e+00 9.755241724818390914e-01
3.327132159657658406e+00 9.597743943531904520e-01
3.333421634439619918e+00 9.402292407097616600e-01
3.339711109221581431e+00 9.169660017960149512e-01
3.346000584003543388e+00 8.900766708219058909e-01
3.352290058785504900e+00 8.596675801807466266e-01
3.358579533567466413e+00 8.258589809635464851e-01
3.364869008349427926e+00 7.887845674326325884e-01
3.371158483131389438e+00 7.485909483349937332e-01
3.377447957913350951e+00 7.054370671459536668e-01
3.383737432695312464e+00 6.594935735358987694e-01
3.390026907477273976e+00 6.109421485454282763e-01
3.396316382259235489e+00 5.599747861375975466e-01
3.402605857041197002e+00 5.067930339682774621e-01
3.408895331823158514e+00 4.516071963768964470e-01
3.415184806605120027e+00 3.946355027494450884e-01
3.421474281387081540e+00 3.361032445422232895e-01
3.427763756169043496e+00 2.762418843790778178e-01
3.434053230951005009e+00 2.152881407450897844e-01
3.440342705732966522e+00 1.534830518962187196e-01
3.446632180514928034e+00 9.107102268664629685e-02
3.452921655296889547e+00 2.829885808311950052e-02
3.459211130078851060e+00 -3.458521281181288487e-02
3.465500604860812572e+00 -9.733251836830228432e-02
3.471790079642774085e+00 -1.596949277875460982e-01
3.478079554424735598e+00 -2.214258323215529123e-01
3.484369029206697110e+00 -2.822811204739694713e-01
3.490658503988658623e+00 -3.420201433256637724e-01
3.496947978770620136e+00 -4.004066661677962435e-01
3.503237453552582092e+00 -4.572098026790753500e-01
3.509526928334543605e+00 -5.122049279531142307e-01
3.515816403116505118e+00 -5.651745667653901295e-01
3.522105877898466630e+00 -6.159092535671804036e-01
3.528395352680428143e+00 -6.642083608056124078e-01
3.534684827462389656e+00 -7.098808922944249700e-01
3.540974302244351168e+00 -7.527462384979541898e-01
3.547263777026312681e+00 -7.926348907416822520e-01
3.553553251808274194e+00 -8.293891115250787704e-01
3.559842726590235706e+00 -8.628635582859296438e-01
3.566132201372197219e+00 -8.929258581495658209e-01
3.572421676154158732e+00 -9.194571313902019094e-01
3.578711150936120244e+00 -9.423524615343169542e-01
3.585000625718082201e+00 -9.615213102471252826e-01
3.591290100500043714e+00 -9.768878753614916866e-01
3.597579575282005226e+00 -9.883913906334728106e-01
3.603869050063966739e+00 -9.959863660391040652e-01
3.610158524845928252e+00 -9.996427676622298142e-01
3.616447999627889764e+00 -9.993461364619808940e-01
3.622737474409851277e+00 -9.950976454502664659e-01
3.629026949191812790e+00 -9.869140950531611889e-01
3.635316423973774302e+00 -9.748278466745350368e-01
3.641605898755735815e+00 -9.588866947246517114e-01
3.647895373537697328e+00 -9.391536776197686454e-01
3.654184848319658840e+00 -9.157068285001713770e-01
3.660474323101620353e+00 -8.886388666523598046e-01
3.666763797883582310e+00 -8.580568308556898449e-01
3.673053272665543822e+00 -8.240816561033647014e-01
3.679342747447505335e+00 -7.868476953715921596e-01
3.685632222229466848e+00 -7.465021883280563708e-01
3.691921697011428360e+00 -7.032046790806856240e-01
3.698211171793389873e+00 -6.571263852691926477e-01
3.704500646575351386e+00 -6.084495209942181182e-01
3.710790121357312898e+00 -5.573665762616457631e-01
3.717079596139274411e+00 -5.040795557913310132e-01
3.723369070921235924e+00 -4.487991802004651087e-01
3.729658545703197436e+00 -3.917440527204031353e-01
3.735948020485158949e+00 -3.331397947420596806e-01
3.742237495267120462e+00 -2.732181536084709039e-01
3.748526970049082419e+00 -2.122160861825090339e-01
3.754816444831043931e+00 -1.503748218139408510e-01
3.761105919613005444e+00 -8.793890841106133394e-02
3.767395394394966956e+00 -2.515524538937895238e-02
3.773684869176928469e+00 3.772789267871105856e-02
3.779974343958889982e+00 1.004618378521659333e-01
3.786263818740851494e+00 1.627985121650893374e-01
3.792553293522813007e+00 2.244914086375716655e-01
3.798842768304774520e+00 2.852965660740459652e-01
3.805132243086736032e+00 3.449735337945839531e-01
3.811421717868697545e+00 4.032863224839785543e-01
3.817711192650659058e+00 4.600043373986057449e-01
3.824000667432621015e+00 5.149032902408110512e-01
3.830290142214582527e+00 5.677660860947038035e-01
3.836579616996544040e+00 6.183836819162147336e-01
3.842869091778505553e+00 6.665559131823691752e-01
3.849158566560467065e+00 7.120922854310256511e-01
3.855448041342428578e+00 7.548127275607970921e-01
3.861737516124390091e+00 7.945483039124401348e-01
3.868026990906351603e+00 8.311418823156926372e-01
3.874316465688313116e+00 8.644487554598625501e-01
3.880605940470274628e+00 8.943372131310237672e-01
3.886895415252236141e+00 9.206890630528616892e-01
3.893184890034197654e+00 9.434000982715790018e-01
3.899474364816159166e+00 9.623805092366308767e-01
3.905763839598121123e+00 9.775552389476864779e-01
3.912053314380082636e+00 9.888642797634354942e-01
3.918342789162044149e+00 9.962629106985539940e-01
3.924632263944005661e+00 9.997218742703887218e-01
3.930921738725967174e+00 9.992274921960795364e-01
3.937211213507928687e+00 9.947817194825859799e-01
3.943500688289890199e+00 9.864021366957149706e-01
3.949790163071851712e+00 9.741218804387374863e-01
3.956079637853813225e+00 9.579895123154912318e-01
3.962369112635774737e+00 9.380688268961673293e-01
3.968658587417736250e+00 9.144385994451686983e-01
3.974948062199697763e+00 8.871922744086054857e-01
3.981237536981659275e+00 8.564375958933491129e-01
3.987527011763621232e+00 8.222961815988106826e-01
3.993816486545582745e+00 7.849030418864076930e-01
4.000105961327544257e+00 7.444060458884196319e-01
4.006395436109505326e+00 7.009653367676003111e-01
4.012684910891467283e+00 6.547526984397403771e-01
4.018974385673428351e+00 6.059508762635562595e-01
4.025263860455390308e+00 5.547528543841221405e-01
4.031553335237352265e+00 5.013610925876076374e-01
4.037842810019313333e+00 4.459867256850804651e-01
4.044132284801275290e+00 3.888487285913883040e-01
4.050421759583236359e+00 3.301730504008404399e-01
4.056711234365198315e+00 2.701917208837819606e-01
4.063000709147159384e+00 2.091419329375701630e-01
4.069290183929121341e+00 1.472651046201469693e-01
4.075579658711082409e+00 8.480592447551804636e-02
4.081869133493044366e+00 2.201138392623236059e-02
4.088158608275005435e+00 -4.087019944070376803e-02
4.094448083056967391e+00 -1.035901638322355989e-01
4.100737557838928460e+00 -1.659004865687067065e-01
4.107027032620890417e+00 -2.275547648760797848e-01
4.113316507402852373e+00 -2.883091902722231814e-01
4.119605982184813442e+00 -3.479235126942823997e-01
4.125895456966775399e+00 -4.061619905544682219e-01
4.132184931748736467e+00 -4.627943229672922265e-01
4.138474406530698424e+00 -5.175965604618754101e-01
4.144763881312659493e+00 -5.703519905778959842e-01
4.151053356094621449e+00 -6.208519948432417168e-01
4.157342830876582518e+00 -6.688968737443353740e-01
4.163632305658544475e+00 -7.142966364270200152e-01
4.169921780440505543e+00 -7.568717520049842440e-01
4.176211255222467500e+00 -7.964538595049288627e-01
4.182500730004428569e+00 -8.328864336407676427e-01
4.188790204786390525e+00 -8.660254037844354880e-01
4.195079679568352482e+00 -8.957397236852543410e-01
4.201369154350313551e+00 -9.219118896852230849e-01
4.207658629132275507e+00 -9.444384053808284607e-01
4.213948103914236576e+00 -9.632301908939114865e-01
4.220237578696198533e+00 -9.782129351332083944e-01
4.226527053478159601e+00 -9.893273896534920953e-01
4.232816528260121558e+00 -9.965296029503367681e-01
4.239106003042082627e+00 -9.997910942639259835e-01
4.245395477824044583e+00 -9.990989662046816377e-01
4.251684952606005652e+00 -9.944559557552784534e-01
4.257974427387967609e+00 -9.858804234473964589e-01
4.264263902169928677e+00 -9.734062807560043273e-01
4.270553376951890634e+00 -9.570828559982716977e-01
4.276842851733852591e+00 -9.369746992674377051e-01
4.283132326515813659e+00 -9.131613271729869252e-01
4.289421801297775616e+00 -8.857369083965284107e-01
4.295711276079736685e+00 -8.548098913069300808e-01
4.302000750861698641e+00 -8.205025751070896822e-01
4.308290225643659710e+00 -7.829506262084674484e-01
4.314579700425621667e+00 -7.423025417456111663e-01
4.320869175207582735e+00 -6.987190623523715782e-01
4.327158649989544692e+00 -6.523725365217922789e-01
4.333448124771505761e+00 -6.034462390634299789e-01
4.339737599553467717e+00 -5.521336463530767125e-01
4.346027074335428786e+00 -4.986376712410008349e-01
4.352316549117390743e+00 -4.431698606441321076e-01
4.358606023899352699e+00 -3.859495589953311212e-01
4.364895498681313768e+00 -3.272030408577769611e-01
4.371184973463275725e+00 -2.671626161345228012e-01
4.377474448245236793e+00 -2.060657114116970223e-01
4.383763923027198750e+00 -1.441539310679587627e-01
4.390053397809159819e+00 -8.167210186321011145e-02
4.396342872591121775e+00 -1.886730478447358472e-02
4.402632347373082844e+00 4.401210202237216401e-02
4.408921822155044801e+00 1.067174653713535148e-01
4.415211296937005869e+00 1.690008203218407445e-01
4.421500771718967826e+00 2.306158707424359466e-01
4.427790246500929783e+00 2.913189632755469605e-01
4.434079721282890851e+00 3.508700508513274419e-01
4.440369196064852808e+00 4.090336419407466506e-01
4.446658670846813877e+00 4.655797317939551760e-01
4.452948145628775833e+00 5.202847119815744437e-01
4.459237620410736902e+00 5.729322546420131390e-01
4.465527095192698859e+00 6.233141679382134814e-01
4.471816569974659927e+00 6.712312193408974670e-01
4.478106044756621884e+00 7.164939234827810699e-01
4.484395519538582953e+00 7.589232914680849040e-01
4.490684994320544909e+00 7.983515386744046705e-01
4.496974469102505978e+00 8.346227482478106863e-01
4.503263943884467935e+00 8.675934876676008045e-01
4.509553418666429891e+00 8.971333759423123499e-01
4.515842893448390960e+00 9.231255991943096983e-01
4.522132368230352917e+00 9.454673725938624873e-01
4.528421843012313985e+00 9.640703468161491152e-01
4.534711317794275942e+00 9.788609574138611436e-01
4.541000792576237011e+00 9.897807157237827891e-01
4.547290267358198967e+00 9.967864401570342148e-01
4.553579742140160036e+00 9.998504269583002868e-01
4.559869216922121993e+00 9.989605597588273600e-01
4.566158691704083061e+00 9.941203574899403206e-01
4.572448166486045018e+00 9.853489604676174407e-01
4.578737641268006087e+00 9.726810547031621290e-01
4.585027116049968043e+00 9.561667347392522887e-01
4.591316590831930000e+00 9.358713055538122605e-01
4.597606065613891069e+00 9.118750243150351986e-01
4.603895540395853025e+00 8.842727830087775409e-01
4.610185015177814094e+00 8.531737331933978430e-01
4.616474489959776051e+00 8.187008543658271797e-01
4.622763964741737119e+00 7.809904676459228368e-01
4.629053439523699076e+00 7.401916967019465110e-01
4.635342914305660145e+00 6.964658780492271051e-01
4.641632389087622101e+00 6.499859230536492172e-01
4.647921863869583170e+00 6.009356341631280074e-01
4.654211338651545127e+00 5.495089780708080074e-01
4.660500813433506195e+00 4.959093186843941403e-01
4.666790288215468152e+00 4.403486129346268485e-01
4.673079762997430109e+00 3.830465726031651030e-01
4.679369237779391177e+00 3.242297954843778585e-01
4.685658712561353134e+00 2.641308693166093957e-01
4.691948187343314203e+00 2.029874520267674343e-01
4.698237662125276159e+00 1.410413319249214648e-01
4.704527136907237228e+00 7.853747156567476850e-02
4.710816611689199185e+00 1.572303905704208055e-02
4.717106086471160253e+00 -4.715356935230157615e-02
4.723395561253122210e+00 -1.098437115424929361e-01
4.729685036035083279e+00 -1.720994827641590397e-01
4.735974510817045235e+00 -2.336746959642465593e-01
4.742263985599006304e+00 -2.943258553192731330e-01
4.748553460380968261e+00 -3.538131191263340636e-01
4.754842935162930218e+00 -4.119012482439918799e-01
4.761132409944891286e+00 -4.683605363326570625e-01
4.767421884726853243e+00 -5.229677182158025683e-01
4.773711359508814311e+00 -5.755068527698876668e-01
4.780000834290776268e+00 -6.257701768518013630e-01
4.786290309072737337e+00 -6.735589268868593660e-01
4.792579783854699293e+00 -7.186841248685350569e-01
4.798869258636660362e+00 -7.609673256616624748e-01
4.805158733418622319e+00 -8.002413226540298075e-01
4.811448208200583387e+00 -8.363508089657724076e-01
4.817737682982545344e+00 -8.691529916019975488e-01
4.824027157764506413e+00 -8.985181561198616329e-01
4.830316632546468369e+00 -9.243301795773077867e-01
4.836606107328430326e+00 -9.464869897348510142e-01
4.842895582110391395e+00 -9.649009686947369602e-01
4.849185056892353352e+00 -9.794992993811157955e-01
4.855474531674314420e+00 -9.902242534911975813e-01
4.861764006456276377e+00 -9.970334197786899777e-01
4.868053481238237445e+00 -9.998998717667487712e-01
4.874342956020199402e+00 -9.988122742272692589e-01
4.880632430802160471e+00 -9.937749280054255507e-01
4.886921905584122428e+00 -9.848077530122081313e-01
4.893211380366083496e+00 -9.719462094522360873e-01
4.899500855148045453e+00 -9.552411575982887593e-01
4.905790329930006521e+00 -9.347586566671544084e-01
4.912079804711968478e+00 -9.105797035920377702e-01
4.918369279493930435e+00 -8.827999127246202171e-01
4.924658754275891503e+00 -8.515291377333135125e-01
4.930948229057853460e+00 -8.168910371929054559e-01
4.937237703839814529e+00 -7.790225855834975732e-01
4.943527178621776486e+00 -7.380735316323383532e-01
4.949816653403737554e+00 -6.942058061407291314e-01
4.956106128185699511e+00 -6.475928816373979213e-01
4.962395602967660579e+00 -5.984190863909333302e-01
4.968685077749622536e+00 -5.468788754936307894e-01
4.974974552531583605e+00 -4.931760618994804890e-01
4.981264027313545562e+00 -4.375230104569070022e-01
4.987553502095506630e+00 -3.801397981236022683e-01
4.993842976877468587e+00 -3.212533436841522594e-01
5.000132451659430544e+00 -2.610965104120861469e-01
5.006421926441391612e+00 -1.999071852248123782e-01
5.012711401223353569e+00 -1.379273379726573823e-01
5.019000876005314637e+00 -7.540206458240844567e-02
5.025290350787276594e+00 -1.257861783874383507e-02
5.031579825569237663e+00 5.029457036336040104e-02
5.037869300351199620e+00 1.129688714290711382e-01
5.044158775133160688e+00 1.751964432518643422e-01
5.050448249915122645e+00 2.367312102916722394e-01
5.056737724697083713e+00 2.973298366671620618e-01
5.063027199479045670e+00 3.567526884142255272e-01
5.069316674261006739e+00 4.147647811053982170e-01
5.075606149042968696e+00 4.711367090830129167e-01
5.081895623824930652e+00 5.256455526313194015e-01
5.088185098606891721e+00 5.780757595003670479e-01
5.094474573388853678e+00 6.282199972956419298e-01
5.100764048170814746e+00 6.758799733626765782e-01
5.107053522952776703e+00 7.208672189245806106e-01
5.113342997734737772e+00 7.630038343715211946e-01
5.119632472516699728e+00 8.021231927550405150e-01
5.125921947298660797e+00 8.380705987052218253e-01
5.132211422080622754e+00 8.707039001651253329e-01
5.138500896862583822e+00 8.998940505233149478e-01
5.144790371644545779e+00 9.255256189216767293e-01
5.151079846426506847e+00 9.474972467204254567e-01
5.157369321208468804e+00 9.657220483153540203e-01
5.163658795990430761e+00 9.801279547221755095e-01
5.169948270772391830e+00 9.906579985694305979e-01
5.176237745554353786e+00 9.972705393728323875e-01
5.182527220336314855e+00 9.999394282002935785e-01
5.188816695118276812e+00 9.986541110764566298e-01
5.195106169900237880e+00 9.934196707178113428e-01
5.201395644682199837e+00 9.842568064333689914e-01
5.207685119464160906e+00 9.712017522703791927e-01
5.213974594246122862e+00 9.543061337287490620e-01
5.220264069028083931e+00 9.336367636108501289e-01
5.226553543810045888e+00 9.092753778138913390e-01
5.232843018592006956e+00 8.813183121098117079e-01
5.239132493373968913e+00 8.498761211906895596e-01
5.245421968155930870e+00 8.150731414862633084e-01
5.251711442937891938e+00 7.770469994822915005e-01
5.258000917719853895e+00 7.359480674841039072e-01
5.264290392501814964e+00 6.919388689775540779e-01
5.270579867283776920e+00 6.451934359386931606e-01
5.276869342065737989e+00 5.958966206339055827e-01
5.283158816847699946e+00 5.442433646315838480e-01
5.289448291629661014e+00 4.904379279164281513e-01
5.295737766411622971e+00 4.346930811543998074e-01
5.302027241193584040e+00 3.772292643027770342e-01
5.308316715975545996e+00 3.182737148923119874e-01
5.314606190757507953e+00 2.580595694288497222e-01
5.320895665539469022e+00 1.968249414677148423e-01
5.327185140321430978e+00 1.348119800065826768e-01
5.333474615103392047e+00 7.226591192059553248e-02
5.339764089885354004e+00 9.434072225901226488e-03
5.346053564667315072e+00 -5.343507399304994743e-02
5.352343039449277029e+00 -1.160929141252268482e-01
5.358632514231238098e+00 -1.782916711579696223e-01
5.364921989013200054e+00 -2.397853834977337062e-01
5.371211463795161123e+00 -3.003308776117453727e-01
5.377500938577123080e+00 -3.596887296445279159e-01
5.383790413359084148e+00 -4.176242122064566242e-01
5.390079888141046105e+00 -4.739082225904367451e-01
5.396369362923008062e+00 -5.283181887460487447e-01
5.402658837704969130e+00 -5.806389494286005037e-01
5.408948312486931087e+00 -6.306636050425554751e-01
5.415237787268892156e+00 -6.781943358146625966e-01
5.421527262050854112e+00 -7.230431840615085815e-01
5.427816736832815181e+00 -7.650327974578873258e-01
5.434106211614777138e+00 -8.039971303669363190e-01
5.440395686396738206e+00 -8.397821004585341864e-01
5.446685161178700163e+00 -8.722461980194833320e-01
5.452974635960661232e+00 -9.012610455459407754e-01
5.459264110742623188e+00 -9.267119054052831428e-01
5.465553585524584257e+00 -9.484981335597926222e-01
5.471843060306546214e+00 -9.665335775580403688e-01
5.478132535088508170e+00 -9.807469172200397045e-01
5.484422009870469239e+00 -9.910819466690192758e-01
5.490711484652431196e+00 -9.974977965944993308e-01
5.497000959434392264e+00 -9.999690958677468489e-01
5.503290434216354221e+00 -9.984860718705227400e-01
5.509579908998315290e+00 -9.930545891403685932e-01
5.515869383780277246e+00 -9.836961261796107747e-01
5.522158858562238315e+00 -9.704476905197986225e-01
5.528448333344200272e+00 -9.533616723774300805e-01
5.534737808126161340e+00 -9.325056374797120462e-01
5.541027282908123297e+00 -9.079620598795468123e-01
5.547316757690084366e+00 -8.798279958164348935e-01
5.553606232472046322e+00 -8.482146999128064024e-01
5.559895707254008279e+00 -8.132471852237349585e-01
5.566185182035969348e+00 -7.750637288796057289e-01
5.572474656817931304e+00 -7.338153252767294354e-01
5.578764131599892373e+00 -6.896650889782658389e-01
5.585053606381854330e+00 -6.427876096865403621e-01
5.591343081163815398e+00 -5.933682618376295848e-01
5.597632555945777355e+00 -5.416024715481903007e-01
5.603922030727738424e+00 -4.876949438136436443e-01
5.610211505509700380e+00 -4.318588530133031234e-01
5.616500980291661449e+00 -3.743149999240275583e-01
5.622790455073623406e+00 -3.152909385755074956e-01
5.629079929855584474e+00 -2.550200764003184850e-01
5.635369404637546431e+00 -1.937407512369017926e-01
5.641658879419508388e+00 -1.316952888356237306e-01
5.647948354201469456e+00 -6.912904459479476960e-02
5.654237828983431413e+00 -6.289433316066811268e-03
5.660527303765392482e+00 5.657504918378318537e-02
5.666816778547354438e+00 1.192158087361682994e-01
5.673106253329315507e+00 1.813851358726430996e-01
5.679395728111277464e+00 2.428371853785832590e-01
5.685685202893238532e+00 3.033289484746199416e-01
5.691974677675200489e+00 3.626212137816641756e-01
5.698264152457161558e+00 4.204795132692089044e-01
5.704553627239123514e+00 4.766750494464195298e-01
5.710843102021084583e+00 5.309856001293101757e-01
5.717132576803046540e+00 5.831963972062669255e-01
5.723422051585008496e+00 6.331009759268183545e-01
5.729711526366969565e+00 6.805019913552473598e-01
5.736001001148931522e+00 7.252119987603954376e-01
5.742290475930892590e+00 7.670541948555950063e-01
5.748579950712854547e+00 8.058631169576681019e-01
5.754869425494815616e+00 8.414852973000476188e-01
5.761158900276777572e+00 8.737798699127247160e-01
5.767448375058738641e+00 9.026191276690294085e-01
5.773737849840700598e+00 9.278890272965067965e-01
5.780027324622661666e+00 9.494896403548103159e-01
5.786316799404623623e+00 9.673355483972887470e-01
5.792606274186584692e+00 9.813561807535577941e-01
5.798895748968546648e+00 9.914960935973842204e-01
5.805185223750508605e+00 9.977151891962614538e-01
5.811474698532469674e+00 9.999888744757140513e-01
5.817764173314431631e+00 9.983081582712686197e-01
5.824053648096392699e+00 9.926796868835213727e-01
5.830343122878354656e+00 9.831257177957052340e-01
5.836632597660315724e+00 9.696840316576896823e-01
5.842922072442277681e+00 9.524077828844527138e-01
5.849211547224238750e+00 9.313652894598568599e-01
5.855501022006200706e+00 9.066397627768907341e-01
5.861790496788161775e+00 8.783289785827750329e-01
5.868079971570123732e+00 8.465448903300617500e-01
5.874369446352084800e+00 8.114131864628729707e-01
5.880658921134046757e+00 7.730727933887229231e-01
5.886948395916008714e+00 7.316753261016811782e-01
5.893237870697969782e+00 6.873844886291154976e-01
5.899527345479931739e+00 6.403754266730283806e-01
5.905816820261892808e+00 5.908340350059629875e-01
5.912106295043854765e+00 5.389562223602181179e-01
5.918395769825815833e+00 4.849471367174983394e-01
5.924685244607777790e+00 4.290203540623273026e-01
5.930974719389738858e+00 3.713970338075783806e-01
5.937264194171700815e+00 3.123050442314960762e-01
5.943553668953661884e+00 2.519780613851348439e-01
5.949843143735623840e+00 1.906546450330703635e-01
5.956132618517584909e+00 1.285772952818775294e-01
5.962422093299546866e+00 6.599149362662533325e-02
5.968711568081508823e+00 3.144732207737115180e-03
5.975001042863469891e+00 -5.971446488319902962e-02
5.981290517645431848e+00 -1.223375243784575184e-01
5.987579992427392916e+00 -1.844768068034827180e-01
5.993869467209354873e+00 -2.458865857538447275e-01
6.000158941991315942e+00 -3.063240196067751331e-01
6.006448416773277899e+00 -3.655501118252146853e-01
6.012737891555238967e+00 -4.233306560565274768e-01
6.019027366337200924e+00 -4.794371622888066176e-01
6.025316841119161992e+00 -5.336477604021166998e-01
6.031606315901123949e+00 -5.857480775418315577e-01
6.037895790683085906e+00 -6.355320858443852527e-01
6.044185265465046974e+00 -6.828029171631827543e-01
6.050474740247008931e+00 -7.273736415730456262e-01
6.056764215028970000e+00 -7.690680065743119576e-01
6.063053689810931957e+00 -8.077211340738048584e-01
6.069343164592893025e+00 -8.431801723862188958e-01
6.075632639374854982e+00 -8.753049006778118590e-01
6.081922114156816050e+00 -9.039682834620137442e-01
6.088211588938778007e+00 -9.290569729543596278e-01
6.094501063720739076e+00 -9.504717573001080222e-01
6.100790538502701033e+00 -9.681279529021169505e-01
6.107080013284662101e+00 -9.819557392975046817e-01
6.113369488066624058e+00 -9.919004352588760565e-01
6.119658962848586015e+00 -9.979227150282431458e-01
6.125948437630547083e+00 -9.999987638285974256e-01
6.132237912412509040e+00 -9.981203720381462974e-01
6.138527387194470109e+00 -9.922949676548141751e-01
6.144816861976432065e+00 -9.825455869226290551e-01
6.151106336758393134e+00 -9.689107832361520956e-01
6.157395811540355091e+00 -9.514444746831784983e-01
6.163685286322316159e+00 -9.302157308286076454e-01
6.169974761104278116e+00 -9.053084995825988468e-01
6.176264235886239184e+00 -8.768212752331573379e-01
6.182553710668201141e+00 -8.448667089558199450e-01
6.188843185450162210e+00 -8.095711633407521868e-01
6.195132660232124167e+00 -7.710742126987265577e-01
6.201422135014086123e+00 -7.295280911221924125e-01
6.207711609796047192e+00 -6.850970904837873077e-01
6.214001084578009149e+00 -6.379569107531155581e-01
6.220290559359970217e+00 -5.882939652008114528e-01
6.226580034141932174e+00 -5.363046432373855810e-01
6.232869508923893243e+00 -4.821945338020536265e-01
6.239158983705855199e+00 -4.261776123724376752e-01
6.245448458487816268e+00 -3.684753948102617582e-01
6.251737933269778225e+00 -3.093160613888704114e-01
6.258027408051739293e+00 -2.489335544669029621e-01
6.264316882833701250e+00 -1.875666533758446053e-01
6.270606357615662318e+00 -1.254580301803065734e-01
6.276895832397624275e+00 -6.285329004448847456e-02
6.283185307179586232e+00 -2.449293598294706513e-15
