4.650000000000000355e+00 2.509999999999999454e-01
4.651001001001001001e+00 2.511027562775888788e-01
4.652002002002002534e+00 2.512049223918238483e-01
4.653003003003003180e+00 2.513064980592680797e-01
4.654004004004004713e+00 2.514074829964851876e-01
4.655005005005005358e+00 2.515078769200385644e-01
4.656006006006006004e+00 2.516076795464918248e-01
4.657007007007007537e+00 2.517068905924086386e-01
4.658008008008008183e+00 2.518055097743519544e-01
4.659009009009009716e+00 2.519035368088858307e-01
4.660010010010010362e+00 2.520009714125735489e-01
4.661011011011011007e+00 2.520978133019785572e-01
4.662012012012012541e+00 2.521940621936645810e-01
4.663013013013013186e+00 2.522897178041947353e-01
4.664014014014014720e+00 2.523847798501329676e-01
4.665015015015015365e+00 2.524792480480424484e-01
4.666016016016016010e+00 2.525731221144867367e-01
4.667017017017017544e+00 2.526664017660296135e-01
4.668018018018018189e+00 2.527590867192343049e-01
4.669019019019019723e+00 2.528511766906643143e-01
4.670020020020020368e+00 2.529426713968832563e-01
4.671021021021021014e+00 2.530335705544544678e-01
4.672022022022022547e+00 2.531238738799416188e-01
4.673023023023023192e+00 2.532135810899081574e-01
4.674024024024024726e+00 2.533026919009177536e-01
4.675025025025025371e+00 2.533912060295335222e-01
4.676026026026026017e+00 2.534791231923192445e-01
4.677027027027027550e+00 2.535664431058384238e-01
4.678028028028028196e+00 2.536531654866545082e-01
4.679029029029029729e+00 2.537392900513309457e-01
4.680030030030030375e+00 2.538248165164313508e-01
4.681031031031031020e+00 2.539097445985190604e-01
4.682032032032032554e+00 2.539940740141578557e-01
4.683033033033033199e+00 2.540778044799107960e-01
4.684034034034034732e+00 2.541609357123418844e-01
4.685035035035035378e+00 2.542434674280142914e-01
4.686036036036036023e+00 2.543253993434916871e-01
4.687037037037037557e+00 2.544067311753374638e-01
4.688038038038038202e+00 2.544874626401151807e-01
4.689039039039039736e+00 2.545675934543883967e-01
4.690040040040040381e+00 2.546471233347204488e-01
4.691041041041041026e+00 2.547260519976749515e-01
4.692042042042042560e+00 2.548043791598154639e-01
4.693043043043043205e+00 2.548821045377053229e-01
4.694044044044044739e+00 2.549592278479082541e-01
4.695045045045045384e+00 2.550357488069874834e-01
4.696046046046046030e+00 2.551116671315067364e-01
4.697047047047047563e+00 2.551869825380295165e-01
4.698048048048048209e+00 2.552616947431191052e-01
4.699049049049049742e+00 2.553358034633391727e-01
4.700050050050050388e+00 2.554093084152532223e-01
4.701051051051051033e+00 2.554822093154247020e-01
4.702052052052052566e+00 2.555545058804173375e-01
4.703053053053053212e+00 2.556261978267942436e-01
4.704054054054054745e+00 2.556972848711190349e-01
4.705055055055055391e+00 2.557677667299555480e-01
4.706056056056056036e+00 2.558376431198668421e-01
4.707057057057057570e+00 2.559069137574166430e-01
4.708058058058058215e+00 2.559755783591683986e-01
4.709059059059059749e+00 2.560436366416857790e-01
4.710060060060060394e+00 2.561110883215320655e-01
4.711061061061061039e+00 2.561779331152708172e-01
4.712062062062062573e+00 2.562441707394655932e-01
4.713063063063063218e+00 2.563098009106797859e-01
4.714064064064064752e+00 2.563748233454770653e-01
4.715065065065065397e+00 2.564392377604208240e-01
4.716066066066066043e+00 2.565030438720745654e-01
4.717067067067067576e+00 2.565662413970017375e-01
4.718068068068068222e+00 2.566288300517661214e-01
4.719069069069069755e+00 2.566908095529307765e-01
4.720070070070070400e+00 2.567521796170595394e-01
4.721071071071071046e+00 2.568129399607158025e-01
4.722072072072072579e+00 2.568730903004630695e-01
4.723073073073073225e+00 2.569326303528648436e-01
4.724074074074074758e+00 2.569915598344847396e-01
4.725075075075075404e+00 2.570498784618860388e-01
4.726076076076076049e+00 2.571075859516323558e-01
4.727077077077077583e+00 2.571646820202871941e-01
4.728078078078078228e+00 2.572211663844141682e-01
4.729079079079079762e+00 2.572770387605767817e-01
4.730080080080080407e+00 2.573322988653382604e-01
4.731081081081081052e+00 2.573869464152621633e-01
4.732082082082082586e+00 2.574409811269122161e-01
4.733083083083083231e+00 2.574944027168518668e-01
4.734084084084084765e+00 2.575472109016444522e-01
4.735085085085085410e+00 2.575994053978538090e-01
4.736086086086086056e+00 2.576509859220429410e-01
4.737087087087087589e+00 2.577019521907756294e-01
4.738088088088088234e+00 2.577523039206156552e-01
4.739089089089089768e+00 2.578020408281259113e-01
4.740090090090090413e+00 2.578511626298705117e-01
4.741091091091091059e+00 2.578996690424124605e-01
4.742092092092092592e+00 2.579475597823156496e-01
4.743093093093093238e+00 2.579948345661433051e-01
4.744094094094094771e+00 2.580414931104589304e-01
4.745095095095095417e+00 2.580875351318263067e-01
4.746096096096096062e+00 2.581329603468086598e-01
4.747097097097097596e+00 2.581777684719697152e-01
4.748098098098098241e+00 2.582219592238726436e-01
4.749099099099099774e+00 2.582655323190813368e-01
4.750100100100100420e+00 2.583084874741589654e-01
4.751101101101101065e+00 2.583508244056693104e-01
4.752102102102102599e+00 2.583925428301756533e-01
4.753103103103103244e+00 2.584336424642415531e-01
4.754104104104104778e+00 2.584741230244307353e-01
4.755105105105105423e+00 2.585139842273062594e-01
4.756106106106106068e+00 2.585532257894321284e-01
4.757107107107107602e+00 2.585918474273714573e-01
4.758108108108108247e+00 2.586298488576879717e-01
4.759109109109109781e+00 2.586672297969450085e-01
4.760110110110110426e+00 2.587039899617061822e-01
4.761111111111111072e+00 2.587401290685351074e-01
4.762112112112112605e+00 2.587756468339948990e-01
4.763113113113113251e+00 2.588105429746495045e-01
4.764114114114114784e+00 2.588448172070620945e-01
4.765115115115115429e+00 2.588784692477963945e-01
4.766116116116116075e+00 2.589114988134158524e-01
4.767117117117117608e+00 2.589439056204839162e-01
4.768118118118118254e+00 2.589756893855639786e-01
4.769119119119119787e+00 2.590068498252198204e-01
4.770120120120120433e+00 2.590373866560146676e-01
4.771121121121121078e+00 2.590672995945123014e-01
4.772122122122122612e+00 2.590965883572759476e-01
4.773123123123123257e+00 2.591252526608693874e-01
4.774124124124124791e+00 2.591532922218558466e-01
4.775125125125125436e+00 2.591807067567990508e-01
4.776126126126126081e+00 2.592074959822623925e-01
4.777127127127127615e+00 2.592336596148092087e-01
4.778128128128128260e+00 2.592591973710033915e-01
4.779129129129129794e+00 2.592841089674081667e-01
4.780130130130130439e+00 2.593083941205870935e-01
4.781131131131131085e+00 2.593320525471036198e-01
4.782132132132132618e+00 2.593550839635213601e-01
4.783133133133133263e+00 2.593774880864038734e-01
4.784134134134134797e+00 2.593992646323144413e-01
4.785135135135135442e+00 2.594204133178167337e-01
4.786136136136136088e+00 2.594409338594740877e-01
4.787137137137137621e+00 2.594608259738502287e-01
4.788138138138138267e+00 2.594800893775085493e-01
4.789139139139139800e+00 2.594987237870124974e-01
4.790140140140140446e+00 2.595167289189256876e-01
4.791141141141141091e+00 2.595341044898115679e-01
4.792142142142142625e+00 2.595508502162335862e-01
4.793143143143143270e+00 2.595669658147554126e-01
4.794144144144144803e+00 2.595824510019403841e-01
4.795145145145145449e+00 2.595973054943520597e-01
4.796146146146146094e+00 2.596115290085537208e-01
4.797147147147147628e+00 2.596251212611093151e-01
4.798148148148148273e+00 2.596380819685821240e-01
4.799149149149149807e+00 2.596504108475355399e-01
4.800150150150150452e+00 2.596621076145332885e-01
4.801151151151151097e+00 2.596731719861385401e-01
4.802152152152152631e+00 2.596836036789151869e-01
4.803153153153153276e+00 2.596934024094263993e-01
4.804154154154154810e+00 2.597025678942360694e-01
4.805155155155155455e+00 2.597110998499072565e-01
4.806156156156156101e+00 2.597189979930037973e-01
4.807157157157157634e+00 2.597262620400890287e-01
4.808158158158158280e+00 2.597328917077263988e-01
4.809159159159159813e+00 2.597388867124796885e-01
4.810160160160160459e+00 2.597442467709120684e-01
4.811161161161161104e+00 2.597489715995872639e-01
4.812162162162162637e+00 2.597530609150686121e-01
4.813163163163163283e+00 2.597565144339198384e-01
4.814164164164164816e+00 2.597593318727042244e-01
4.815165165165165462e+00 2.597615129479853846e-01
4.816166166166166107e+00 2.597630573763267114e-01
4.817167167167167641e+00 2.597639648742918750e-01
4.818168168168168286e+00 2.597642351584443232e-01
4.819169169169169820e+00 2.597638679453474486e-01
4.820170170170170465e+00 2.597628629515648657e-01
4.821171171171171110e+00 2.597612198936600780e-01
4.822172172172172644e+00 2.597589384881964780e-01
4.823173173173173289e+00 2.597560184517377913e-01
4.824174174174174823e+00 2.597524595008471326e-01
4.825175175175175468e+00 2.597482613520886163e-01
4.826176176176176114e+00 2.597434237220250797e-01
4.827177177177177647e+00 2.597379463272204703e-01
4.828178178178178293e+00 2.597318288842380696e-01
4.829179179179179826e+00 2.597250711096414921e-01
4.830180180180180471e+00 2.597176727199941859e-01
4.831181181181181117e+00 2.597096334318594879e-01
4.832182182182182650e+00 2.597009529618012347e-01
4.833183183183183296e+00 2.596916310263829297e-01
4.834184184184184829e+00 2.596816673421676880e-01
4.835185185185185475e+00 2.596710616257194570e-01
4.836186186186186120e+00 2.596598135936014073e-01
4.837187187187187654e+00 2.596479229623770979e-01
4.838188188188188299e+00 2.596353894486101987e-01
4.839189189189189833e+00 2.596222127688641579e-01
4.840190190190190478e+00 2.596083926397022568e-01
4.841191191191191123e+00 2.595939287776883320e-01
4.842192192192192657e+00 2.595788208993856094e-01
4.843193193193193302e+00 2.595630687213577592e-01
4.844194194194194836e+00 2.595466719601682848e-01
4.845195195195195481e+00 2.595296303323805231e-01
4.846196196196196126e+00 2.595119435545581443e-01
4.847197197197197660e+00 2.594936113432645963e-01
4.848198198198198305e+00 2.594746334150634381e-01
4.849199199199199839e+00 2.594550094865180623e-01
4.850200200200200484e+00 2.594347392741919722e-01
4.851201201201201130e+00 2.594138224946487825e-01
4.852202202202202663e+00 2.593922588644518856e-01
4.853203203203203309e+00 2.593700481001649516e-01
4.854204204204204842e+00 2.593471899183512619e-01
4.855205205205205488e+00 2.593236840355744866e-01
4.856206206206206133e+00 2.592995301683980180e-01
4.857207207207207666e+00 2.592747280333853599e-01
4.858208208208208312e+00 2.592492773471001821e-01
4.859209209209209845e+00 2.592231778261057107e-01
4.860210210210210491e+00 2.591964291869657266e-01
4.861211211211211136e+00 2.591690311462435670e-01
4.862212212212212670e+00 2.591409834205027907e-01
4.863213213213213315e+00 2.591122857263068457e-01
4.864214214214214849e+00 2.590829377802193467e-01
4.865215215215215494e+00 2.590529392988035751e-01
4.866216216216216139e+00 2.590222899986233118e-01
4.867217217217217673e+00 2.589909895962419495e-01
4.868218218218218318e+00 2.589590378082229916e-01
4.869219219219219852e+00 2.589264343511297195e-01
4.870220220220220497e+00 2.588931789415259699e-01
4.871221221221221143e+00 2.588592712959751907e-01
4.872222222222222676e+00 2.588247111310406634e-01
4.873223223223223322e+00 2.587894981632860580e-01
4.874224224224224855e+00 2.587536321092749336e-01
4.875225225225225500e+00 2.587171126855706271e-01
4.876226226226226146e+00 2.586799396087368086e-01
4.877227227227227679e+00 2.586421125953367040e-01
4.878228228228228325e+00 2.586036313619342608e-01
4.879229229229229858e+00 2.585644956250925386e-01
4.880230230230230504e+00 2.585247051013753183e-01
4.881231231231231149e+00 2.584842595073460481e-01
4.882232232232232683e+00 2.584431585595681757e-01
4.883233233233233328e+00 2.584014019746052049e-01
4.884234234234234862e+00 2.583589894690206390e-01
4.885235235235235507e+00 2.583159207593779816e-01
4.886236236236236152e+00 2.582721955622407917e-01
4.887237237237237686e+00 2.582278135941725172e-01
4.888238238238238331e+00 2.581827745717367173e-01
4.889239239239239865e+00 2.581370782114968399e-01
4.890240240240240510e+00 2.580907242300163329e-01
4.891241241241241156e+00 2.580437123438588110e-01
4.892242242242242689e+00 2.579960422695877220e-01
4.893243243243243334e+00 2.579477137237666251e-01
4.894244244244244868e+00 2.578987264229589127e-01
4.895245245245245513e+00 2.578490800837281993e-01
4.896246246246246159e+00 2.577987744226379330e-01
4.897247247247247692e+00 2.577478091562515616e-01
4.898248248248248338e+00 2.576961840011327554e-01
4.899249249249249871e+00 2.576438986738448511e-01
4.900250250250250517e+00 2.575909528909514079e-01
4.901251251251251162e+00 2.575373463690160403e-01
4.902252252252252696e+00 2.574830788246019742e-01
4.903253253253253341e+00 2.574281499742729351e-01
4.904254254254254874e+00 2.573725595345924266e-01
4.905255255255255520e+00 2.573163072221238412e-01
4.906256256256256165e+00 2.572593927534307934e-01
4.907257257257257699e+00 2.572018158450766756e-01
4.908258258258258344e+00 2.571435762136249914e-01
4.909259259259259878e+00 2.570846735756394663e-01
4.910260260260260523e+00 2.570251076476832153e-01
4.911261261261261168e+00 2.569648781463201304e-01
4.912262262262262702e+00 2.569039847881134375e-01
4.913263263263263347e+00 2.568424272896266958e-01
4.914264264264264881e+00 2.567802053674235196e-01
4.915265265265265526e+00 2.567173187380674682e-01
4.916266266266266172e+00 2.566537671181218228e-01
4.917267267267267705e+00 2.565895502241500870e-01
4.918268268268268351e+00 2.565246677727158753e-01
4.919269269269269884e+00 2.564591194803828023e-01
4.920270270270270530e+00 2.563929050637142604e-01
4.921271271271271175e+00 2.563260242392735866e-01
4.922272272272272708e+00 2.562584767236245065e-01
4.923273273273273354e+00 2.561902622333305235e-01
4.924274274274274887e+00 2.561213804849549192e-01
4.925275275275275533e+00 2.560518311950613635e-01
4.926276276276276178e+00 2.559816140802135265e-01
4.927277277277277712e+00 2.559107288569744676e-01
4.928278278278278357e+00 2.558391752419081344e-01
4.929279279279279891e+00 2.557669529515776974e-01
4.930280280280280536e+00 2.556940617025468820e-01
4.931281281281281181e+00 2.556205012113791919e-01
4.932282282282282715e+00 2.555462711946379084e-01
4.933283283283283360e+00 2.554713713688867016e-01
4.934284284284284894e+00 2.553958014506890195e-01
4.935285285285285539e+00 2.553195611566084211e-01
4.936286286286286185e+00 2.552426502032084654e-01
4.937287287287287718e+00 2.551650683070524339e-01
4.938288288288288364e+00 2.550868151847039966e-01
4.939289289289289897e+00 2.550078905527266016e-01
4.940290290290290542e+00 2.549282941276838632e-01
4.941291291291291188e+00 2.548480256261391186e-01
4.942292292292292721e+00 2.547670847646559822e-01
4.943293293293293367e+00 2.546854712597979020e-01
4.944294294294294900e+00 2.546031848281284371e-01
4.945295295295295546e+00 2.545202251862109244e-01
4.946296296296296191e+00 2.544365920506092005e-01
4.947297297297297725e+00 2.543522851378863803e-01
4.948298298298298370e+00 2.542673041646061338e-01
4.949299299299299904e+00 2.541816488473320756e-01
4.950300300300300549e+00 2.540953189026275982e-01
4.951301301301301194e+00 2.540083140470561496e-01
4.952302302302302728e+00 2.539206339971813442e-01
4.953303303303303373e+00 2.538322784695667411e-01
4.954304304304304907e+00 2.537432471807755663e-01
4.955305305305305552e+00 2.536535398473714897e-01
4.956306306306306197e+00 2.535631561859181815e-01
4.957307307307307731e+00 2.534720959129789231e-01
4.958308308308308376e+00 2.533803587451172179e-01
4.959309309309309910e+00 2.532879443988965695e-01
4.960310310310310555e+00 2.531948525908807035e-01
4.961311311311311201e+00 2.531010830376328458e-01
4.962312312312312734e+00 2.530066354557166108e-01
4.963313313313313380e+00 2.529115095616955577e-01
4.964314314314314913e+00 2.528157050721330235e-01
4.965315315315315559e+00 2.527192217035927335e-01
4.966316316316316204e+00 2.526220591726380249e-01
4.967317317317317737e+00 2.525242171958324011e-01
4.968318318318318383e+00 2.524256954897395322e-01
4.969319319319319916e+00 2.523264937709225886e-01
4.970320320320320562e+00 2.522266117559455734e-01
4.971321321321321207e+00 2.521260491613715460e-01
4.972322322322322741e+00 2.520248057037641765e-01
4.973323323323323386e+00 2.519228810996869683e-01
4.974324324324324920e+00 2.518202750657033695e-01
4.975325325325325565e+00 2.517169873183769946e-01
4.976326326326326210e+00 2.516130175742712360e-01
4.977327327327327744e+00 2.515083655499495974e-01
4.978328328328328389e+00 2.514030309619757486e-01
4.979329329329329923e+00 2.512970135269128602e-01
4.980330330330330568e+00 2.511903129613248797e-01
4.981331331331331214e+00 2.510829289817749221e-01
4.982332332332332747e+00 2.509748613048266019e-01
4.983333333333333393e+00 2.508661096470435337e-01
4.984334334334334926e+00 2.507566737249890543e-01
4.985335335335335571e+00 2.506465532552268893e-01
4.986336336336336217e+00 2.505357479543203758e-01
4.987337337337337750e+00 2.504242575388329062e-01
4.988338338338338396e+00 2.503120817253283170e-01
4.989339339339339929e+00 2.501992202303697233e-01
4.990340340340340575e+00 2.500856727705210725e-01
4.991341341341342108e+00 2.499714390623453686e-01
4.992342342342342754e+00 2.498565188224065037e-01
4.993343343343343399e+00 2.497409117672678147e-01
4.994344344344344933e+00 2.496246176134926942e-01
4.995345345345345578e+00 2.495076360776449786e-01
4.996346346346347111e+00 2.493899668762877275e-01
4.997347347347347757e+00 2.492716097259849717e-01
4.998348348348348402e+00 2.491525643432997705e-01
4.999349349349349936e+00 2.490328304447957941e-01
5.000350350350350581e+00 2.489124077470365459e-01
5.001351351351352115e+00 2.487912959665854462e-01
5.002352352352352760e+00 2.486694948200062483e-01
5.003353353353353405e+00 2.485470040238621781e-01
5.004354354354354939e+00 2.484238232947167668e-01
5.005355355355355584e+00 2.482999523491336569e-01
5.006356356356357118e+00 2.481753909036762684e-01
5.007357357357357763e+00 2.480501386749081050e-01
5.008358358358358409e+00 2.479241953793927811e-01
5.009359359359359942e+00 2.477975607336935226e-01
5.010360360360360588e+00 2.476702344543740830e-01
5.011361361361362121e+00 2.475422162579979102e-01
5.012362362362362767e+00 2.474135058611285076e-01
5.013363363363363412e+00 2.472841029803293511e-01
5.014364364364364945e+00 2.471540073321638054e-01
5.015365365365365591e+00 2.470232186331956792e-01
5.016366366366367124e+00 2.468917365999881153e-01
5.017367367367367770e+00 2.467595609491050890e-01
5.018368368368368415e+00 2.466266913971096597e-01
5.019369369369369949e+00 2.464931276605654697e-01
5.020370370370370594e+00 2.463588694560361059e-01
5.021371371371372128e+00 2.462239165000849606e-01
5.022372372372372773e+00 2.460882685092757594e-01
5.023373373373373418e+00 2.459519252001716727e-01
5.024374374374374952e+00 2.458148862893363429e-01
5.025375375375375597e+00 2.456771514933333567e-01
5.026376376376377131e+00 2.455387205287261065e-01
5.027377377377377776e+00 2.453995931120782070e-01
5.028378378378378422e+00 2.452597689599531339e-01
5.029379379379379955e+00 2.451192477889141408e-01
5.030380380380380601e+00 2.449780293155251754e-01
5.031381381381382134e+00 2.448361132563492693e-01
5.032382382382382779e+00 2.446934993279504256e-01
5.033383383383383425e+00 2.445501872468918148e-01
5.034384384384384958e+00 2.444061767297368848e-01
5.035385385385385604e+00 2.442614674930493612e-01
5.036386386386387137e+00 2.441160592533926088e-01
5.037387387387387783e+00 2.439699517273302143e-01
5.038388388388388428e+00 2.438231446314255702e-01
5.039389389389389962e+00 2.436756376822422632e-01
5.040390390390390607e+00 2.435274305963437691e-01
5.041391391391392141e+00 2.433785230902935359e-01
5.042392392392392786e+00 2.432289148806552059e-01
5.043393393393393431e+00 2.430786056839922549e-01
5.044394394394394965e+00 2.429275952168679642e-01
5.045395395395395610e+00 2.427758831958461427e-01
5.046396396396397144e+00 2.426234693374900719e-01
5.047397397397397789e+00 2.424703533583633941e-01
5.048398398398398434e+00 2.423165349750295849e-01
5.049399399399399968e+00 2.421620139040520092e-01
5.050400400400400613e+00 2.420067898619944202e-01
5.051401401401402147e+00 2.418508625654199884e-01
5.052402402402402792e+00 2.416942317308926336e-01
5.053403403403403438e+00 2.415368970749754707e-01
5.054404404404404971e+00 2.413788583142321420e-01
5.055405405405405617e+00 2.412201151652262898e-01
5.056406406406407150e+00 2.410606673445211956e-01
5.057407407407407796e+00 2.409005145686805294e-01
5.058408408408408441e+00 2.407396565542677391e-01
5.059409409409409975e+00 2.405780930178462174e-01
5.060410410410410620e+00 2.404158236759796341e-01
5.061411411411412153e+00 2.402528482452313541e-01
5.062412412412412799e+00 2.400891664421650473e-01
5.063413413413413444e+00 2.399247779833441063e-01
5.064414414414414978e+00 2.397596825853319791e-01
5.065415415415415623e+00 2.395938799646923079e-01
5.066416416416417157e+00 2.394273698379884574e-01
5.067417417417417802e+00 2.392601519217840422e-01
5.068418418418418447e+00 2.390922259326425381e-01
5.069419419419419981e+00 2.389235915871272264e-01
5.070420420420420626e+00 2.387542486018021104e-01
5.071421421421422160e+00 2.385841966932301106e-01
5.072422422422422805e+00 2.384134355779751746e-01
5.073423423423423451e+00 2.382419649726006672e-01
5.074424424424424984e+00 2.380697845936699253e-01
5.075425425425425630e+00 2.378968941577466745e-01
5.076426426426427163e+00 2.377232933813942239e-01
5.077427427427427808e+00 2.375489819811763270e-01
5.078428428428428454e+00 2.373739596736563762e-01
5.079429429429429987e+00 2.371982261753977084e-01
5.080430430430430633e+00 2.370217812029641047e-01
5.081431431431432166e+00 2.368446244729186800e-01
5.082432432432432812e+00 2.366667557018254375e-01
5.083433433433433457e+00 2.364881746062475754e-01
5.084434434434434991e+00 2.363088809027485138e-01
5.085435435435435636e+00 2.361288743078920893e-01
5.086436436436437170e+00 2.359481545382413059e-01
5.087437437437437815e+00 2.357667213103601944e-01
5.088438438438438460e+00 2.355845743408120085e-01
5.089439439439439994e+00 2.354017133461600852e-01
5.090440440440440639e+00 2.352181380429682889e-01
5.091441441441442173e+00 2.350338481477997621e-01
5.092442442442442818e+00 2.348488433772184525e-01
5.093443443443443464e+00 2.346631234477874750e-01
5.094444444444444997e+00 2.344766880760702776e-01
5.095445445445445642e+00 2.342895369786307802e-01
5.096446446446447176e+00 2.341016698720320144e-01
5.097447447447447821e+00 2.339130864728378723e-01
5.098448448448448467e+00 2.337237864976117463e-01
5.099449449449450000e+00 2.335337696629169457e-01
5.100450450450450646e+00 2.333430356853172516e-01
5.101451451451452179e+00 2.331515842813758344e-01
5.102452452452452825e+00 2.329594151676565583e-01
5.103453453453453470e+00 2.327665280607227327e-01
5.104454454454455004e+00 2.325729226771377500e-01
5.105455455455455649e+00 2.323785987334655578e-01
5.106456456456457182e+00 2.321835559462690213e-01
5.107457457457457828e+00 2.319877940321121434e-01
5.108458458458458473e+00 2.317913127075583168e-01
5.109459459459460007e+00 2.315941116891707674e-01
5.110460460460460652e+00 2.313961906935133872e-01
5.111461461461462186e+00 2.311975494371493467e-01
5.112462462462462831e+00 2.309981876366425102e-01
5.113463463463463476e+00 2.307981050085561314e-01
5.114464464464465010e+00 2.305973012694535751e-01
5.115465465465465655e+00 2.303957761358987055e-01
5.116466466466467189e+00 2.301935293244547487e-01
5.117467467467467834e+00 2.299905605516854301e-01
5.118468468468468480e+00 2.297868695341541423e-01
5.119469469469470013e+00 2.295824559884241112e-01
5.120470470470470659e+00 2.293773196310593399e-01
5.121471471471472192e+00 2.291714601786229710e-01
5.122472472472472838e+00 2.289648773476786747e-01
5.123473473473473483e+00 2.287575708547900377e-01
5.124474474474475016e+00 2.285495404165201749e-01
5.125475475475475662e+00 2.283407857494330617e-01
5.126476476476477195e+00 2.281313065700917575e-01
5.127477477477477841e+00 2.279211025950602099e-01
5.128478478478478486e+00 2.277101735409017280e-01
5.129479479479480020e+00 2.274985191241795102e-01
5.130480480480480665e+00 2.272861390614576149e-01
5.131481481481482199e+00 2.270730330692990462e-01
5.132482482482482844e+00 2.268592008642677238e-01
5.133483483483483489e+00 2.266446421629269570e-01
5.134484484484485023e+00 2.264293566818400549e-01
5.135485485485485668e+00 2.262133441375709098e-01
5.136486486486487202e+00 2.259966042466826086e-01
5.137487487487487847e+00 2.257791367257390436e-01
5.138488488488488493e+00 2.255609412913035794e-01
5.139489489489490026e+00 2.253420176599394975e-01
5.140490490490490672e+00 2.251223655482106623e-01
5.141491491491492205e+00 2.249019846726802441e-01
5.142492492492492850e+00 2.246808747499120518e-01
5.143493493493493496e+00 2.244590354964694501e-01
5.144494494494495029e+00 2.242364666289157205e-01
5.145495495495495675e+00 2.240131678638147550e-01
5.146496496496497208e+00 2.237891389177297519e-01
5.147497497497497854e+00 2.235643795072245199e-01
5.148498498498498499e+00 2.233388893488623128e-01
5.149499499499500033e+00 2.231126681592065508e-01
5.150500500500500678e+00 2.228857156548210705e-01
5.151501501501502212e+00 2.226580315522690423e-01
5.152502502502502857e+00 2.224296155681142750e-01
5.153503503503503502e+00 2.222004674189200224e-01
5.154504504504505036e+00 2.219705868212497879e-01
5.155505505505505681e+00 2.217399734916673526e-01
5.156506506506507215e+00 2.215086271467358592e-01
5.157507507507507860e+00 2.212765475030190887e-01
5.158508508508508505e+00 2.210437342770804336e-01
5.159509509509510039e+00 2.208101871854833143e-01
5.160510510510510684e+00 2.205759059447914006e-01
5.161511511511512218e+00 2.203408902715679463e-01
5.162512512512512863e+00 2.201051398823767880e-01
5.163513513513513509e+00 2.198686544937814291e-01
5.164514514514515042e+00 2.196314338223447904e-01
5.165515515515515688e+00 2.193934775846310969e-01
5.166516516516517221e+00 2.191547854972032416e-01
5.167517517517517867e+00 2.189153572766253664e-01
5.168518518518518512e+00 2.186751926394605028e-01
5.169519519519520045e+00 2.184342913022721822e-01
5.170520520520520691e+00 2.181926529816241300e-01
5.171521521521522224e+00 2.179502773940795446e-01
5.172522522522522870e+00 2.177071642562024012e-01
5.173523523523523515e+00 2.174633132845557870e-01
5.174524524524525049e+00 2.172187241957031778e-01
5.175525525525525694e+00 2.169733967062084379e-01
5.176526526526527228e+00 2.167273305326347099e-01
5.177527527527527873e+00 2.164805253915456917e-01
5.178528528528528518e+00 2.162329809995050256e-01
5.179529529529530052e+00 2.159846970730756599e-01
5.180530530530530697e+00 2.157356733288217920e-01
5.181531531531532231e+00 2.154859094833063426e-01
5.182532532532532876e+00 2.152354052530932871e-01
5.183533533533533522e+00 2.149841603547459623e-01
5.184534534534535055e+00 2.147321745048275110e-01
5.185535535535535701e+00 2.144794474199020473e-01
5.186536536536537234e+00 2.142259788165325196e-01
5.187537537537537879e+00 2.139717684112828477e-01
5.188538538538538525e+00 2.137168159207164797e-01
5.189539539539540058e+00 2.134611210613965027e-01
5.190540540540540704e+00 2.132046835498869197e-01
5.191541541541542237e+00 2.129475031027508458e-01
5.192542542542542883e+00 2.126895794365522840e-01
5.193543543543543528e+00 2.124309122678542661e-01
5.194544544544545062e+00 2.121715013132203786e-01
5.195545545545545707e+00 2.119113462892143751e-01
5.196546546546547241e+00 2.116504469123993426e-01
5.197547547547547886e+00 2.113888028993392287e-01
5.198548548548548531e+00 2.111264139665974260e-01
5.199549549549550065e+00 2.108632798307370215e-01
5.200550550550550710e+00 2.105994002083220740e-01
5.201551551551552244e+00 2.103347748159156705e-01
5.202552552552552889e+00 2.100694033700816754e-01
5.203553553553553535e+00 2.098032855873834257e-01
5.204554554554555068e+00 2.095364211843841751e-01
5.205555555555555713e+00 2.092688098776479266e-01
5.206556556556557247e+00 2.090004513837376843e-01
5.207557557557557892e+00 2.087313454192173678e-01
5.208558558558558538e+00 2.084614917006503143e-01
5.209559559559560071e+00 2.081908899445998051e-01
5.210560560560560717e+00 2.079195398676297324e-01
5.211561561561562250e+00 2.076474411863031833e-01
5.212562562562562896e+00 2.073745936171841886e-01
5.213563563563563541e+00 2.071009968768358633e-01
5.214564564564565075e+00 2.068266506818216000e-01
5.215565565565565720e+00 2.065515547487052905e-01
5.216566566566567253e+00 2.062757087940501055e-01
5.217567567567567899e+00 2.059991125344198259e-01
5.218568568568568544e+00 2.057217656863778721e-01
5.219569569569570078e+00 2.054436679664874144e-01
5.220570570570570723e+00 2.051648190913124559e-01
5.221571571571572257e+00 2.048852187774161115e-01
5.222572572572572902e+00 2.046048667413622180e-01
5.223573573573573547e+00 2.043237626997141121e-01
5.224574574574575081e+00 2.040419063690349921e-01
5.225575575575575726e+00 2.037592974658889999e-01
5.226576576576577260e+00 2.034759357068390007e-01
5.227577577577577905e+00 2.031918208084490807e-01
5.228578578578578551e+00 2.029069524872824659e-01
5.229579579579580084e+00 2.026213304599023546e-01
5.230580580580580730e+00 2.023349544428728053e-01
5.231581581581582263e+00 2.020478241527567942e-01
5.232582582582582909e+00 2.017599393061182966e-01
5.233583583583583554e+00 2.014712996195206496e-01
5.234584584584585087e+00 2.011819048095270512e-01
5.235585585585585733e+00 2.008917545927015602e-01
5.236586586586587266e+00 2.006008486856071249e-01
5.237587587587587912e+00 2.003091868048077206e-01
5.238588588588588557e+00 2.000167686668666289e-01
5.239589589589590091e+00 1.997235939883471312e-01
5.240590590590590736e+00 1.994296624858131750e-01
5.241591591591592270e+00 1.991349738758277921e-01
5.242592592592592915e+00 1.988395278749550410e-01
5.243593593593593560e+00 1.985433241997581477e-01
5.244594594594595094e+00 1.982463625668003104e-01
5.245595595595595739e+00 1.979486426926454767e-01
5.246596596596597273e+00 1.976501642938567893e-01
5.247597597597597918e+00 1.973509270869982513e-01
5.248598598598598564e+00 1.970509307886329220e-01
5.249599599599600097e+00 1.967501751153243328e-01
5.250600600600600742e+00 1.964486597836362647e-01
5.251601601601602276e+00 1.961463845101317771e-01
5.252602602602602921e+00 1.958433490113749009e-01
5.253603603603603567e+00 1.955395530039289453e-01
5.254604604604605100e+00 1.952349962043571363e-01
5.255605605605605746e+00 1.949296783292233382e-01
5.256606606606607279e+00 1.946235990950906658e-01
5.257607607607607925e+00 1.943167582185231501e-01
5.258608608608609458e+00 1.940091554160837395e-01
5.259609609609610104e+00 1.937007904043363815e-01
5.260610610610610749e+00 1.933916628998445242e-01
5.261611611611612283e+00 1.930817726191711992e-01
5.262612612612612928e+00 1.927711192788805206e-01
5.263613613613614461e+00 1.924597025955354923e-01
5.264614614614615107e+00 1.921475222857000897e-01
5.265615615615615752e+00 1.918345780659375666e-01
5.266616616616617286e+00 1.915208696528112320e-01
5.267617617617617931e+00 1.912063967628850059e-01
5.268618618618619465e+00 1.908911591127218643e-01
5.269619619619620110e+00 1.905751564188859770e-01
5.270620620620620755e+00 1.902583883979404311e-01
5.271621621621622289e+00 1.899408547664485358e-01
5.272622622622622934e+00 1.896225552409743220e-01
5.273623623623624468e+00 1.893034895380807103e-01
5.274624624624625113e+00 1.889836573743318426e-01
5.275625625625625759e+00 1.886630584662908339e-01
5.276626626626627292e+00 1.883416925305209932e-01
5.277627627627627938e+00 1.880195592835862961e-01
5.278628628628629471e+00 1.876966584420498019e-01
5.279629629629630116e+00 1.873729897224755137e-01
5.280630630630630762e+00 1.870485528414265741e-01
5.281631631631632295e+00 1.867233475154663480e-01
5.282632632632632941e+00 1.863973734611588662e-01
5.283633633633634474e+00 1.860706303950668827e-01
5.284634634634635120e+00 1.857431180337547894e-01
5.285635635635635765e+00 1.854148360937855899e-01
5.286636636636637299e+00 1.850857842917225105e-01
5.287637637637637944e+00 1.847559623441296650e-01
5.288638638638639478e+00 1.844253699675699742e-01
5.289639639639640123e+00 1.840940068786074690e-01
5.290640640640640768e+00 1.837618727938054863e-01
5.291641641641642302e+00 1.834289674297271966e-01
5.292642642642642947e+00 1.830952905029366029e-01
5.293643643643644481e+00 1.827608417299966814e-01
5.294644644644645126e+00 1.824256208274715185e-01
5.295645645645645772e+00 1.820896275119243402e-01
5.296646646646647305e+00 1.817528614999182890e-01
5.297647647647647950e+00 1.814153225080175069e-01
5.298648648648649484e+00 1.810770102527849146e-01
5.299649649649650129e+00 1.807379244507845983e-01
5.300650650650650775e+00 1.803980648185797564e-01
5.301651651651652308e+00 1.800574310727335314e-01
5.302652652652652954e+00 1.797160229298101486e-01
5.303653653653654487e+00 1.793738401063724452e-01
5.304654654654655133e+00 1.790308823189845910e-01
5.305655655655655778e+00 1.786871492842095899e-01
5.306656656656657312e+00 1.783426407186108342e-01
5.307657657657657957e+00 1.779973563387524105e-01
5.308658658658659490e+00 1.776512958611971560e-01
5.309659659659660136e+00 1.773044590025092127e-01
5.310660660660660781e+00 1.769568454792517231e-01
5.311661661661662315e+00 1.766084550079879967e-01
5.312662662662662960e+00 1.762592873052820641e-01
5.313663663663664494e+00 1.759093420876968461e-01
5.314664664664665139e+00 1.755586190717963735e-01
5.315665665665665784e+00 1.752071179741439833e-01
5.316666666666667318e+00 1.748548385113027903e-01
5.317667667667667963e+00 1.745017803998369088e-01
5.318668668668669497e+00 1.741479433563092316e-01
5.319669669669670142e+00 1.737933270972839284e-01
5.320670670670670788e+00 1.734379313393241140e-01
5.321671671671672321e+00 1.730817557989930422e-01
5.322672672672672967e+00 1.727248001928547716e-01
5.323673673673674500e+00 1.723670642374722506e-01
5.324674674674675146e+00 1.720085476494095655e-01
5.325675675675675791e+00 1.716492501452299702e-01
5.326676676676677324e+00 1.712891714414965239e-01
5.327677677677677970e+00 1.709283112547734795e-01
5.328678678678679503e+00 1.705666693016236746e-01
5.329679679679680149e+00 1.702042452986112508e-01
5.330680680680680794e+00 1.698410389622993233e-01
5.331681681681682328e+00 1.694770500092511734e-01
5.332682682682682973e+00 1.691122781560309152e-01
5.333683683683684507e+00 1.687467231192013306e-01
5.334684684684685152e+00 1.683803846153267003e-01
5.335685685685685797e+00 1.680132623609700837e-01
5.336686686686687331e+00 1.676453560726947345e-01
5.337687687687687976e+00 1.672766654670647390e-01
5.338688688688689510e+00 1.669071902606430458e-01
5.339689689689690155e+00 1.665369301699937410e-01
5.340690690690690801e+00 1.661658849116799952e-01
5.341691691691692334e+00 1.657940542022650066e-01
5.342692692692692980e+00 1.654214377583129447e-01
5.343693693693694513e+00 1.650480352963865915e-01
5.344694694694695158e+00 1.646738465330501722e-01
5.345695695695695804e+00 1.642988711848668570e-01
5.346696696696697337e+00 1.639231089683998166e-01
5.347697697697697983e+00 1.635465596002131650e-01
5.348698698698699516e+00 1.631692227968698228e-01
5.349699699699700162e+00 1.627910982749338764e-01
5.350700700700700807e+00 1.624121857509685518e-01
5.351701701701702341e+00 1.620324849415369917e-01
5.352702702702702986e+00 1.616519955632033656e-01
5.353703703703704520e+00 1.612707173325305388e-01
5.354704704704705165e+00 1.608886499660826253e-01
5.355705705705705810e+00 1.605057931804228510e-01
5.356706706706707344e+00 1.601221466921143310e-01
5.357707707707707989e+00 1.597377102177212904e-01
5.358708708708709523e+00 1.593524834738065388e-01
5.359709709709710168e+00 1.589664661769342735e-01
5.360710710710710813e+00 1.585796580436675540e-01
5.361711711711712347e+00 1.581920587905696896e-01
5.362712712712712992e+00 1.578036681342047665e-01
5.363713713713714526e+00 1.574144857911356499e-01
5.364714714714715171e+00 1.570245114779265372e-01
5.365715715715715817e+00 1.566337449111405156e-01
5.366716716716717350e+00 1.562421858073408942e-01
5.367717717717717996e+00 1.558498338830916763e-01
5.368718718718719529e+00 1.554566888549557546e-01
5.369719719719720175e+00 1.550627504394973544e-01
5.370720720720720820e+00 1.546680183532795627e-01
5.371721721721722353e+00 1.542724923128656611e-01
5.372722722722722999e+00 1.538761720348196804e-01
5.373723723723724532e+00 1.534790572357045690e-01
5.374724724724725178e+00 1.530811476320844688e-01
5.375725725725725823e+00 1.526824429405225225e-01
5.376726726726727357e+00 1.522829428775818450e-01
5.377727727727728002e+00 1.518826471598267169e-01
5.378728728728729536e+00 1.514815555038199757e-01
5.379729729729730181e+00 1.510796676261257354e-01
5.380730730730730826e+00 1.506769832433071110e-01
5.381731731731732360e+00 1.502735020719273284e-01
5.382732732732733005e+00 1.498692238285506406e-01
5.383733733733734539e+00 1.494641482297397184e-01
5.384734734734735184e+00 1.490582749920588701e-01
5.385735735735735830e+00 1.486516038320712108e-01
5.386736736736737363e+00 1.482441344663398830e-01
5.387737737737738009e+00 1.478358666114291398e-01
5.388738738738739542e+00 1.474267999839017074e-01
5.389739739739740187e+00 1.470169343003218387e-01
5.390740740740740833e+00 1.466062692772526765e-01
5.391741741741742366e+00 1.461948046312573357e-01
5.392742742742743012e+00 1.457825400789001247e-01
5.393743743743744545e+00 1.453694753367436865e-01
5.394744744744745191e+00 1.449556101213524129e-01
5.395745745745745836e+00 1.445409441492892522e-01
5.396746746746747370e+00 1.441254771371174859e-01
5.397747747747748015e+00 1.437092088014013669e-01
5.398748748748749549e+00 1.432921388587035383e-01
5.399749749749750194e+00 1.428742670255883085e-01
5.400750750750750839e+00 1.424555930186188202e-01
5.401751751751752373e+00 1.420361165543581883e-01
5.402752752752753018e+00 1.416158373493706657e-01
5.403753753753754552e+00 1.411947551202190065e-01
5.404754754754755197e+00 1.407728695834674359e-01
5.405755755755755843e+00 1.403501804556790966e-01
5.406756756756757376e+00 1.399266874534172145e-01
5.407757757757758021e+00 1.395023902932459037e-01
5.408758758758759555e+00 1.390772886917278905e-01
5.409759759759760200e+00 1.386513823654276223e-01
5.410760760760760846e+00 1.382246710309080751e-01
5.411761761761762379e+00 1.377971544047323638e-01
5.412762762762763025e+00 1.373688322034648246e-01
5.413763763763764558e+00 1.369397041436681839e-01
5.414764764764765204e+00 1.365097699419066113e-01
5.415765765765765849e+00 1.360790293147433883e-01
5.416766766766767383e+00 1.356474819787414909e-01
5.417767767767768028e+00 1.352151276504652833e-01
5.418768768768769561e+00 1.347819660464774638e-01
5.419769769769770207e+00 1.343479968833423133e-01
5.420770770770770852e+00 1.339132198776229465e-01
5.421771771771772386e+00 1.334776347458824508e-01
5.422772772772773031e+00 1.330412412046851345e-01
5.423773773773774565e+00 1.326040389705936962e-01
5.424774774774775210e+00 1.321660277601724720e-01
5.425775775775775855e+00 1.317272072899845214e-01
5.426776776776777389e+00 1.312875772765929594e-01
5.427777777777778034e+00 1.308471374365621220e-01
5.428778778778779568e+00 1.304058874864546802e-01
5.429779779779780213e+00 1.299638271428348868e-01
5.430780780780780859e+00 1.295209561222659678e-01
5.431781781781782392e+00 1.290772741413109270e-01
5.432782782782783038e+00 1.286327809165341007e-01
5.433783783783784571e+00 1.281874761644981597e-01
5.434784784784785217e+00 1.277413596017674680e-01
5.435785785785785862e+00 1.272944309449050848e-01
5.436786786786787395e+00 1.268466899104740697e-01
5.437787787787788041e+00 1.263981362150388421e-01
5.438788788788789574e+00 1.259487695751620451e-01
5.439789789789790220e+00 1.254985897074079593e-01
5.440790790790790865e+00 1.250475963283396719e-01
5.441791791791792399e+00 1.245957891545203394e-01
5.442792792792793044e+00 1.241431679025142426e-01
5.443793793793794578e+00 1.236897322888840661e-01
5.444794794794795223e+00 1.232354820301941462e-01
5.445795795795795868e+00 1.227804168430075699e-01
5.446796796796797402e+00 1.223245364438874383e-01
5.447797797797798047e+00 1.218678405493980599e-01
5.448798798798799581e+00 1.214103288761021332e-01
5.449799799799800226e+00 1.209520011405638973e-01
5.450800800800800872e+00 1.204928570593465920e-01
5.451801801801802405e+00 1.200328963490132211e-01
5.452802802802803050e+00 1.195721187261281210e-01
5.453803803803804584e+00 1.191105239072539901e-01
5.454804804804805229e+00 1.186481116089550814e-01
5.455805805805805875e+00 1.181848815477945791e-01
5.456806806806807408e+00 1.177208334403355150e-01
5.457807807807808054e+00 1.172559670031422252e-01
5.458808808808809587e+00 1.167902819527774361e-01
5.459809809809810233e+00 1.163237780058054005e-01
5.460810810810810878e+00 1.158564548787892751e-01
5.461811811811812412e+00 1.153883122882921053e-01
5.462812812812813057e+00 1.149193499508782412e-01
5.463813813813814591e+00 1.144495675831103398e-01
5.464814814814815236e+00 1.139789649015527789e-01
5.465815815815815881e+00 1.135075416227685624e-01
5.466816816816817415e+00 1.130352974633208607e-01
5.467817817817818060e+00 1.125622321397739545e-01
5.468818818818819594e+00 1.120883453686905146e-01
5.469819819819820239e+00 1.116136368666349049e-01
5.470820820820820884e+00 1.111381063501702265e-01
5.471821821821822418e+00 1.106617535358595250e-01
5.472822822822823063e+00 1.101845781402671365e-01
5.473823823823824597e+00 1.097065798799557873e-01
5.474824824824825242e+00 1.092277584714897304e-01
5.475825825825825888e+00 1.087481136314321084e-01
5.476826826826827421e+00 1.082676450763459808e-01
5.477827827827828067e+00 1.077863525227956837e-01
5.478828828828829600e+00 1.073042356873438880e-01
5.479829829829830246e+00 1.068212942865549714e-01
5.480830830830830891e+00 1.063375280369919795e-01
5.481831831831832424e+00 1.058529366552179996e-01
5.482832832832833070e+00 1.053675198577973399e-01
5.483833833833834603e+00 1.048812773612927407e-01
5.484834834834835249e+00 1.043942088822684966e-01
5.485835835835835894e+00 1.039063141372876947e-01
5.486836836836837428e+00 1.034175928429133945e-01
5.487837837837838073e+00 1.029280447157100015e-01
5.488838838838839607e+00 1.024376694722401032e-01
5.489839839839840252e+00 1.019464668290680914e-01
5.490840840840840897e+00 1.014544365027570672e-01
5.491841841841842431e+00 1.009615782098700343e-01
5.492842842842843076e+00 1.004678916669714123e-01
5.493843843843844610e+00 9.997337659062380255e-02
5.494844844844845255e+00 9.947803269739162457e-02
5.495845845845845901e+00 9.898185970383788224e-02
5.496846846846847434e+00 9.848485732652567659e-02
5.497847847847848080e+00 9.798702528201941320e-02
5.498848848848849613e+00 9.748836328688167963e-02
5.499849849849850258e+00 9.698887105767683980e-02
5.500850850850850904e+00 9.648854831096799478e-02
5.501851851851852437e+00 9.598739476331819009e-02
5.502852852852853083e+00 9.548541013129181743e-02
5.503853853853854616e+00 9.498259413145149210e-02
5.504854854854855262e+00 9.447894648036159193e-02
5.505855855855855907e+00 9.397446689458520408e-02
5.506856856856857441e+00 9.346915509068536021e-02
5.507857857857858086e+00 9.296301078522643813e-02
5.508858858858859620e+00 9.245603369477112254e-02
5.509859859859860265e+00 9.194822353588369412e-02
5.510860860860860910e+00 9.143958002512732330e-02
5.511861861861862444e+00 9.093010287906500011e-02
5.512862862862863089e+00 9.041979181426111623e-02
5.513863863863864623e+00 8.990864654727831473e-02
5.514864864864865268e+00 8.939666679468097343e-02
5.515865865865865914e+00 8.888385227303216563e-02
5.516866866866867447e+00 8.837020269889489521e-02
5.517867867867868092e+00 8.785571778883366489e-02
5.518868868868869626e+00 8.734039725941095123e-02
5.519869869869870271e+00 8.682424082719121528e-02
5.520870870870870917e+00 8.630724820873755809e-02
5.521871871871872450e+00 8.578941912061296970e-02
5.522872872872873096e+00 8.527075327938182792e-02
5.523873873873874629e+00 8.475125040160680356e-02
5.524874874874875275e+00 8.423091020385228833e-02
5.525875875875875920e+00 8.370973240268132776e-02
5.526876876876877454e+00 8.318771671465691186e-02
5.527877877877878099e+00 8.266486285634352948e-02
5.528878878878879632e+00 8.214117054430375431e-02
5.529879879879880278e+00 8.161663949510195026e-02
5.530880880880880923e+00 8.109126942530123228e-02
5.531881881881882457e+00 8.056506005146461813e-02
5.532882882882883102e+00 8.003801109015651338e-02
5.533883883883884636e+00 7.951012225793951949e-02
5.534884884884885281e+00 7.898139327137806975e-02
5.535885885885885926e+00 7.845182384703515421e-02
5.536886886886887460e+00 7.792141370147387391e-02
5.537887887887888105e+00 7.739016255125862054e-02
5.538888888888889639e+00 7.685807011295198166e-02
5.539889889889890284e+00 7.632513610311840446e-02
5.540890890890890930e+00 7.579136023832089286e-02
5.541891891891892463e+00 7.525674223512249239e-02
5.542892892892893109e+00 7.472128181008766412e-02
5.543893893893894642e+00 7.418497867977895399e-02
5.544894894894895288e+00 7.364783256076082307e-02
5.545895895895895933e+00 7.310984316959626139e-02
5.546896896896897466e+00 7.257101022284832836e-02
5.547897897897898112e+00 7.203133343708145730e-02
5.548898898898899645e+00 7.149081252885823579e-02
5.549899899899900291e+00 7.094944721474309712e-02
5.550900900900900936e+00 7.040723721129905910e-02
5.551901901901902470e+00 6.986418223508915337e-02
5.552902902902903115e+00 6.932028200267784102e-02
5.553903903903904649e+00 6.877553623062765409e-02
5.554904904904905294e+00 6.822994463550306754e-02
5.555905905905905939e+00 6.768350693386711303e-02
5.556906906906907473e+00 6.713622284228279447e-02
5.557907907907908118e+00 6.658809207731458679e-02
5.558908908908909652e+00 6.603911435552500819e-02
5.559909909909910297e+00 6.548928939347856137e-02
5.560910910910910943e+00 6.493861690773825024e-02
5.561911911911912476e+00 6.438709661486707869e-02
5.562912912912913121e+00 6.383472823142953556e-02
5.563913913913914655e+00 6.328151147398812515e-02
5.564914914914915300e+00 6.272744605910737792e-02
5.565915915915915946e+00 6.217253170335026308e-02
5.566916916916917479e+00 6.161676812327979841e-02
5.567917917917918125e+00 6.106015503546049356e-02
5.568918918918919658e+00 6.050269215645483895e-02
5.569919919919920304e+00 5.994437920282735116e-02
5.570920920920920949e+00 5.938521589114099941e-02
5.571921921921922483e+00 5.882520193795880842e-02
5.572922922922923128e+00 5.826433705984529476e-02
5.573923923923924661e+00 5.770262097336294194e-02
5.574924924924925307e+00 5.714005339507625958e-02
5.575925925925925952e+00 5.657663404154823772e-02
5.576926926926927486e+00 5.601236262934190108e-02
5.577927927927928131e+00 5.544723887502173848e-02
5.578928928928929665e+00 5.488126249515025423e-02
5.579929929929930310e+00 5.431443320629195798e-02
5.580930930930930955e+00 5.374675072500982587e-02
5.581931931931932489e+00 5.317821476786688956e-02
5.582932932932933134e+00 5.260882505142764481e-02
5.583933933933934668e+00 5.203858129225459594e-02
5.584934934934935313e+00 5.146748320691223177e-02
5.585935935935935959e+00 5.089553051196357703e-02
5.586936936936937492e+00 5.032272292397160784e-02
5.587937937937938138e+00 4.974906015950084082e-02
5.588938938938939671e+00 4.917454193511376637e-02
5.589939939939940317e+00 4.859916796737492189e-02
5.590940940940940962e+00 4.802293797284728355e-02
5.591941941941942495e+00 4.744585166809384136e-02
5.592942942942943141e+00 4.686790876967912578e-02
5.593943943943944674e+00 4.628910899416561336e-02
5.594944944944945320e+00 4.570945205811784151e-02
5.595945945945945965e+00 4.512893767809877943e-02
5.596946946946947499e+00 4.454756557067143102e-02
5.597947947947948144e+00 4.396533545240033369e-02
5.598948948948949678e+00 4.338224703984793623e-02
5.599949949949950323e+00 4.279830004957879686e-02
5.600950950950950968e+00 4.221349419815587783e-02
5.601951951951952502e+00 4.162782920214219695e-02
5.602952952952953147e+00 4.104130477810225691e-02
5.603953953953954681e+00 4.045392064259854120e-02
5.604954954954955326e+00 3.986567651219560110e-02
5.605955955955955972e+00 3.927657210345639888e-02
5.606956956956957505e+00 3.868660713294391762e-02
5.607957957957958151e+00 3.809578131722272942e-02
5.608958958958959684e+00 3.750409437285524838e-02
5.609959959959960329e+00 3.691154601640608129e-02
5.610960960960960975e+00 3.631813596443815573e-02
5.611961961961962508e+00 3.572386393351446865e-02
5.612962962962963154e+00 3.512872964019955746e-02
5.613963963963964687e+00 3.453273280105589871e-02
5.614964964964965333e+00 3.393587313264804367e-02
5.615965965965965978e+00 3.333815035153895462e-02
5.616966966966967512e+00 3.273956417429160770e-02
5.617967967967968157e+00 3.214011431747056807e-02
5.618968968968969691e+00 3.153980049763828453e-02
5.619969969969970336e+00 3.093862243135930834e-02
5.620970970970970981e+00 3.033657983519662260e-02
5.621971971971972515e+00 2.973367242571318958e-02
5.622972972972973160e+00 2.912989991947357443e-02
5.623973973973974694e+00 2.852526203304022595e-02
5.624974974974975339e+00 2.791975848297769888e-02
5.625975975975975985e+00 2.731338898584897285e-02
5.626976976976977518e+00 2.670615325821701358e-02
5.627977977977978163e+00 2.609805101664638971e-02
5.628978978978979697e+00 2.548908197769953615e-02
5.629979979979980342e+00 2.487924585794102153e-02
5.630980980980980988e+00 2.426854237393382546e-02
5.631981981981982521e+00 2.365697124224089634e-02
5.632982982982983167e+00 2.304453217942683055e-02
5.633983983983984700e+00 2.243122490205403524e-02
5.634984984984985346e+00 2.181704912668710333e-02
5.635985985985985991e+00 2.120200456988899362e-02
5.636986986986987525e+00 2.058609094822266145e-02
5.637987987987988170e+00 1.996930797825270665e-02
5.638988988988989703e+00 1.935165537654153639e-02
5.639989989989990349e+00 1.873313285965374358e-02
5.640990990990990994e+00 1.811374014415229050e-02
5.641991991991992528e+00 1.749347694660012553e-02
5.642992992992993173e+00 1.687234298356184853e-02
5.643993993993994707e+00 1.625033797159985971e-02
5.644994994994995352e+00 1.562746162727877627e-02
5.645995995995995997e+00 1.500371366716153620e-02
5.646996996996997531e+00 1.437909380781109137e-02
5.647997997997998176e+00 1.375360176579205548e-02
5.648998998998999710e+00 1.312723725766682184e-02
5.650000000000000355e+00 1.250000000000000069e-02
