0.000000000000000000e+00 5.921831039932544671e-01
3.878231859883236442e-03 5.921009596838152644e-01
7.756463719766472885e-03 5.920186176927971777e-01
1.163469557964970889e-02 5.919360772898136780e-01
1.551292743953294577e-02 5.918533377444783472e-01
1.939115929941618091e-02 5.917703983264052114e-01
2.326939115929941779e-02 5.916872583052075196e-01
2.714762301918265466e-02 5.916039169504990758e-01
3.102585487906589154e-02 5.915203735318933509e-01
3.490408673894912495e-02 5.914366273190040380e-01
3.878231859883236182e-02 5.913526775814451630e-01
4.266055045871559870e-02 5.912685235888300861e-01
4.653878231859883557e-02 5.911841646107723891e-01
5.041701417848207245e-02 5.910995999168858761e-01
5.429524603836530933e-02 5.910148287767841291e-01
5.817347789824854620e-02 5.909298504600807300e-01
6.205170975813178308e-02 5.908446642363891499e-01
6.592994161801501996e-02 5.907592693753235258e-01
6.980817347789824989e-02 5.906736651464971066e-01
7.368640533778149371e-02 5.905878508195236964e-01
7.756463719766472364e-02 5.905018256640169882e-01
8.144286905754796746e-02 5.904155889495905640e-01
8.532110091743119740e-02 5.903291399458580058e-01
8.919933277731444121e-02 5.902424779224327844e-01
9.307756463719767115e-02 5.901556021489291481e-01
9.695579649708091496e-02 5.900685118949601238e-01
1.008340283569641449e-01 5.899812064301397374e-01
1.047122602168473887e-01 5.898936850240814600e-01
1.085904920767306187e-01 5.898059469463988735e-01
1.124687239366138625e-01 5.897179914667060041e-01
1.163469557964970924e-01 5.896298178546161006e-01
1.202251876563803362e-01 5.895414253797427451e-01
1.241034195162635662e-01 5.894528133116998525e-01
1.279816513761468100e-01 5.893639809201012270e-01
1.318598832360300399e-01 5.892749274745598953e-01
1.357381150959132698e-01 5.891856522446902167e-01
1.396163469557964998e-01 5.890961545001053290e-01
1.434945788156797575e-01 5.890064335104193693e-01
1.473728106755629874e-01 5.889164885452451426e-01
1.512510425354462174e-01 5.888263188741970078e-01
1.551292743953294473e-01 5.887359237668886580e-01
1.590075062552127050e-01 5.886453024929334532e-01
1.628857381150959349e-01 5.885544543219449753e-01
1.667639699749791649e-01 5.884633785235368064e-01
1.706422018348623948e-01 5.883720743673231945e-01
1.745204336947456525e-01 5.882805411229171666e-01
1.783986655546288824e-01 5.881887780599325266e-01
1.822768974145121124e-01 5.880967844479829676e-01
1.861551292743953423e-01 5.880045595566824046e-01
1.900333611342785722e-01 5.879121026556438645e-01
1.939115929941618299e-01 5.878194130144813734e-01
1.977898248540450599e-01 5.877264899028086242e-01
2.016680567139282898e-01 5.876333325902393101e-01
2.055462885738115197e-01 5.875399403463867909e-01
2.094245204336947774e-01 5.874463124408650927e-01
2.133027522935780074e-01 5.873524481432875755e-01
2.171809841534612373e-01 5.872583467232677101e-01
2.210592160133444672e-01 5.871640074504195228e-01
2.249374478732277249e-01 5.870694295943564844e-01
2.288156797331109549e-01 5.869746124246925101e-01
2.326939115929941848e-01 5.868795552110406266e-01
2.365721434528774147e-01 5.867842572230149711e-01
2.404503753127606724e-01 5.866887177302293477e-01
2.443286071726439024e-01 5.865929360022971162e-01
2.482068390325271323e-01 5.864969113088318586e-01
2.520850708924103900e-01 5.864006429194472680e-01
2.559633027522936199e-01 5.863041301037570374e-01
2.598415346121768499e-01 5.862073721313748598e-01
2.637197664720600798e-01 5.861103682719140950e-01
2.675979983319433098e-01 5.860131177949888803e-01
2.714762301918265397e-01 5.859156199702127976e-01
2.753544620517097696e-01 5.858178740671990958e-01
2.792326939115929996e-01 5.857198793555615790e-01
2.831109257714762850e-01 5.856216351049138291e-01
2.869891576313595150e-01 5.855231405848699833e-01
2.908673894912427449e-01 5.854243950650430683e-01
2.947456213511259748e-01 5.853253978150469994e-01
2.986238532110092048e-01 5.852261481044953584e-01
3.025020850708924347e-01 5.851266452030020604e-01
3.063803169307756646e-01 5.850268883801802433e-01
3.102585487906588946e-01 5.849268769056440442e-01
3.141367806505421245e-01 5.848266100490068231e-01
3.180150125104254100e-01 5.847260870798822729e-01
3.218932443703086399e-01 5.846253072678840867e-01
3.257714762301918698e-01 5.845242698826258465e-01
3.296497080900750998e-01 5.844229741937213563e-01
3.335279399499583297e-01 5.843214194707841980e-01
3.374061718098415597e-01 5.842196049834278426e-01
3.412844036697247896e-01 5.841175300012659832e-01
3.451626355296080195e-01 5.840151937939123128e-01
3.490408673894913050e-01 5.839125956309808574e-01
3.529190992493745349e-01 5.838097347820846439e-01
3.567973311092577648e-01 5.837066105168376984e-01
3.606755629691409948e-01 5.836032221048537139e-01
3.645537948290242247e-01 5.834995688157460503e-01
3.684320266889074547e-01 5.833956499191284006e-01
3.723102585487906846e-01 5.832914646846144580e-01
3.761884904086739145e-01 5.831870123818181373e-01
3.800667222685571445e-01 5.830822922803526875e-01
3.839449541284404299e-01 5.829773036498320238e-01
3.878231859883236599e-01 5.828720457598696170e-01
3.917014178482068898e-01 5.827665178800794932e-01
3.955796497080901197e-01 5.826607192800746793e-01
3.994578815679733497e-01 5.825546492294692014e-01
4.033361134278565796e-01 5.824483069978766414e-01
4.072143452877398095e-01 5.823416918549106924e-01
4.110925771476230395e-01 5.822348030701849364e-01
4.149708090075063249e-01 5.821276399133129553e-01
4.188490408673895549e-01 5.820202016539086642e-01
4.227272727272727848e-01 5.819124875615853121e-01
4.266055045871560147e-01 5.818044969059568139e-01
4.304837364470392447e-01 5.816962289566369737e-01
4.343619683069224746e-01 5.815876829832391515e-01
4.382402001668057046e-01 5.814788582553770402e-01
4.421184320266889345e-01 5.813697540426641108e-01
4.459966638865721644e-01 5.812603696147145005e-01
4.498748957464554499e-01 5.811507042411414581e-01
4.537531276063386798e-01 5.810407571915586766e-01
4.576313594662219097e-01 5.809305277355798491e-01
4.615095913261051397e-01 5.808200151428186686e-01
4.653878231859883696e-01 5.807092186828888281e-01
4.692660550458715996e-01 5.805981376254041315e-01
4.731442869057548295e-01 5.804867712399776059e-01
4.770225187656380594e-01 5.803751187962236102e-01
4.809007506255213449e-01 5.802631795637550605e-01
4.847789824854045748e-01 5.801509528121863157e-01
4.886572143452878048e-01 5.800384378111304029e-01
4.925354462051710347e-01 5.799256338302017921e-01
4.964136780650542646e-01 5.798125401390131772e-01
5.002919099249375501e-01 5.796991560071786953e-01
5.041701417848207800e-01 5.795854807043119283e-01
5.080483736447040100e-01 5.794715135000267914e-01
5.119266055045872399e-01 5.793572536639365333e-01
5.158048373644704698e-01 5.792427004656550693e-01
5.196830692243536998e-01 5.791278531747956482e-01
5.235613010842369297e-01 5.790127110609722960e-01
5.274395329441201596e-01 5.788972733937987059e-01
5.313177648040033896e-01 5.787815394428881266e-01
5.351959966638866195e-01 5.786655084778545843e-01
5.390742285237698495e-01 5.785491797683115500e-01
5.429524603836530794e-01 5.784325525838728277e-01
5.468306922435363093e-01 5.783156261941517773e-01
5.507089241034195393e-01 5.781983998687624249e-01
5.545871559633027692e-01 5.780808728773179084e-01
5.584653878231859991e-01 5.779630444894323649e-01
5.623436196830692291e-01 5.778449139747190433e-01
5.662218515429525700e-01 5.777264806027920807e-01
5.701000834028358000e-01 5.776077436432647261e-01
5.739783152627190299e-01 5.774887023657506724e-01
5.778565471226022598e-01 5.773693560398636127e-01
5.817347789824854898e-01 5.772497039352172399e-01
5.856130108423687197e-01 5.771297453214252471e-01
5.894912427022519497e-01 5.770094794681011052e-01
5.933694745621351796e-01 5.768889056448587294e-01
5.972477064220184095e-01 5.767680231213115905e-01
6.011259382819016395e-01 5.766468311670730484e-01
6.050041701417848694e-01 5.765253290517572404e-01
6.088824020016680993e-01 5.764035160449775264e-01
6.127606338615513293e-01 5.762813914163478213e-01
6.166388657214345592e-01 5.761589544354814851e-01
6.205170975813177892e-01 5.760362043719920999e-01
6.243953294412010191e-01 5.759131404954938027e-01
6.282735613010842490e-01 5.757897620755997314e-01
6.321517931609675900e-01 5.756660683819236901e-01
6.360300250208508199e-01 5.755420586840794828e-01
6.399082568807340499e-01 5.754177322516804693e-01
6.437864887406172798e-01 5.752930883543405649e-01
6.476647206005005097e-01 5.751681262616731294e-01
6.515429524603837397e-01 5.750428452432921889e-01
6.554211843202669696e-01 5.749172445688112143e-01
6.592994161801501996e-01 5.747913235078437877e-01
6.631776480400334295e-01 5.746650813300034910e-01
6.670558798999166594e-01 5.745385173049042393e-01
6.709341117597998894e-01 5.744116307021593926e-01
6.748123436196831193e-01 5.742844207913827548e-01
6.786905754795663492e-01 5.741568868421876859e-01
6.825688073394495792e-01 5.740290281241883230e-01
6.864470391993328091e-01 5.739008439069982481e-01
6.903252710592160390e-01 5.737723334602305991e-01
6.942035029190992690e-01 5.736434960534994021e-01
6.980817347789826099e-01 5.735143309564183500e-01
7.019599666388658399e-01 5.733848374386010249e-01
7.058381984987490698e-01 5.732550147696608978e-01
7.097164303586322998e-01 5.731248622192119946e-01
7.135946622185155297e-01 5.729943790568674533e-01
7.174728940783987596e-01 5.728635645522413000e-01
7.213511259382819896e-01 5.727324179749471167e-01
7.252293577981652195e-01 5.726009385945984853e-01
7.291075896580484494e-01 5.724691256808090989e-01
7.329858215179316794e-01 5.723369785031925394e-01
7.368640533778149093e-01 5.722044963313623889e-01
7.407422852376981393e-01 5.720716784349325623e-01
7.446205170975813692e-01 5.719385240835165307e-01
7.484987489574645991e-01 5.718050325467278761e-01
7.523769808173478291e-01 5.716712030941801803e-01
7.562552126772310590e-01 5.715370349954874696e-01
7.601334445371142889e-01 5.714025275202631038e-01
7.640116763969976299e-01 5.712676799381207760e-01
7.678899082568808598e-01 5.711324915186739570e-01
7.717681401167640898e-01 5.709969615315367841e-01
7.756463719766473197e-01 5.708610892463223951e-01
7.795246038365305496e-01 5.707248739326445941e-01
7.834028356964137796e-01 5.705883148601171850e-01
7.872810675562970095e-01 5.704514112983536389e-01
7.911592994161802395e-01 5.703141625169675377e-01
7.950375312760634694e-01 5.701765677855727965e-01
7.989157631359466993e-01 5.700386263737826642e-01
8.027939949958299293e-01 5.699003375774175373e-01
8.066722268557131592e-01 5.697617009443658453e-01
8.105504587155963891e-01 5.696227161632230196e-01
8.144286905754796191e-01 5.694833829241151557e-01
8.183069224353628490e-01 5.693437009171687935e-01
8.221851542952460790e-01 5.692036698325102506e-01
8.260633861551293089e-01 5.690632893602662890e-01
8.299416180150126499e-01 5.689225591905628931e-01
8.338198498748958798e-01 5.687814790135268250e-01
8.376980817347791097e-01 5.686400485192844023e-01
8.415763135946623397e-01 5.684982673979620538e-01
8.454545454545455696e-01 5.683561353396863192e-01
8.493327773144287995e-01 5.682136520345835162e-01
8.532110091743120295e-01 5.680708171727800737e-01
8.570892410341952594e-01 5.679276304444024204e-01
8.609674728940784894e-01 5.677840915395768739e-01
8.648457047539617193e-01 5.676402001484301962e-01
8.687239366138449492e-01 5.674959559610885940e-01
8.726021684737281792e-01 5.673513586676783849e-01
8.764804003336114091e-01 5.672064079583264418e-01
8.803586321934946390e-01 5.670611035231586383e-01
8.842368640533778690e-01 5.669154450523017363e-01
8.881150959132610989e-01 5.667694322358819425e-01
8.919933277731443289e-01 5.666230647640259077e-01
8.958715596330276698e-01 5.664763423268601716e-01
8.997497914929108997e-01 5.663292646145108300e-01
9.036280233527941297e-01 5.661818313171045336e-01
9.075062552126773596e-01 5.660340421247674891e-01
9.113844870725605896e-01 5.658858967276264584e-01
9.152627189324438195e-01 5.657373948158075372e-01
9.191409507923270494e-01 5.655885360794373762e-01
9.230191826522102794e-01 5.654393202086422932e-01
9.268974145120935093e-01 5.652897468935489389e-01
9.307756463719767392e-01 5.651398158242834091e-01
9.346538782318599692e-01 5.649895266909722435e-01
9.385321100917431991e-01 5.648388791837422040e-01
9.424103419516264291e-01 5.646878729927191642e-01
9.462885738115096590e-01 5.645365078080298860e-01
9.501668056713928889e-01 5.643847833198005759e-01
9.540450375312761189e-01 5.642326992181582179e-01
9.579232693911593488e-01 5.640802551932287967e-01
9.618015012510426898e-01 5.639274509351386300e-01
9.656797331109259197e-01 5.637742861340142575e-01
9.695579649708091496e-01 5.636207604799823301e-01
9.734361968306923796e-01 5.634668736631691655e-01
9.773144286905756095e-01 5.633126253737009703e-01
9.811926605504588395e-01 5.631580153017043955e-01
9.850708924103420694e-01 5.630030431373058697e-01
9.889491242702252993e-01 5.628477085706318217e-01
9.928273561301085293e-01 5.626920112918086803e-01
9.967055879899917592e-01 5.625359509909627631e-01
1.000583819849875100e+00 5.623795273582207210e-01
1.004462051709758219e+00 5.622227400837086497e-01
1.008340283569641560e+00 5.620655888575533110e-01
1.012218515429524679e+00 5.619080733698808006e-01
1.016096747289408020e+00 5.617501933108178802e-01
1.019974979149291139e+00 5.615919483704907567e-01
1.023853211009174480e+00 5.614333382390260807e-01
1.027731442869057599e+00 5.612743626065500591e-01
1.031609674728940940e+00 5.611150211631891205e-01
1.035487906588824059e+00 5.609553135990701378e-01
1.039366138448707400e+00 5.607952396043188736e-01
1.043244370308590518e+00 5.606347988690618678e-01
1.047122602168473859e+00 5.604739910834263261e-01
1.051000834028356978e+00 5.603128159375377892e-01
1.054879065888240319e+00 5.601512731215231300e-01
1.058757297748123438e+00 5.599893623255085551e-01
1.062635529608006779e+00 5.598270832396204932e-01
1.066513761467890120e+00 5.596644355539855953e-01
1.070391993327773239e+00 5.595014189587302900e-01
1.074270225187656580e+00 5.593380331439806730e-01
1.078148457047539699e+00 5.591742777998633951e-01
1.082026688907423040e+00 5.590101526165049961e-01
1.085904920767306159e+00 5.588456572840319048e-01
1.089783152627189500e+00 5.586807914925701057e-01
1.093661384487072619e+00 5.585155549322466939e-01
1.097539616346955960e+00 5.583499472931875429e-01
1.101417848206839079e+00 5.581839682655194146e-01
1.105296080066722419e+00 5.580176175393686266e-01
1.109174311926605538e+00 5.578508948048617189e-01
1.113052543786488879e+00 5.576837997521248980e-01
1.116930775646371998e+00 5.575163320712848147e-01
1.120809007506255339e+00 5.573484914524676759e-01
1.124687239366138458e+00 5.571802775858001322e-01
1.128565471226021799e+00 5.570116901614083904e-01
1.132443703085905140e+00 5.568427288694191013e-01
1.136321934945788259e+00 5.566733933999585826e-01
1.140200166805671600e+00 5.565036834431532631e-01
1.144078398665554719e+00 5.563335986891297935e-01
1.147956630525438060e+00 5.561631388280140476e-01
1.151834862385321179e+00 5.559923035499331201e-01
1.155713094245204520e+00 5.558210925450131068e-01
1.159591326105087639e+00 5.556495055033803254e-01
1.163469557964970980e+00 5.554775421151614268e-01
1.167347789824854098e+00 5.553052020704826175e-01
1.171226021684737439e+00 5.551324850594705484e-01
1.175104253544620558e+00 5.549593907722516484e-01
1.178982485404503899e+00 5.547859188989523460e-01
1.182860717264387018e+00 5.546120691296989591e-01
1.186738949124270359e+00 5.544378411546178054e-01
1.190617180984153478e+00 5.542632346638355356e-01
1.194495412844036819e+00 5.540882493474785786e-01
1.198373644703920160e+00 5.539128848956732520e-01
1.202251876563803279e+00 5.537371409985459847e-01
1.206130108423686620e+00 5.535610173462232053e-01
1.210008340283569739e+00 5.533845136288314537e-01
1.213886572143453080e+00 5.532076295364972696e-01
1.217764804003336199e+00 5.530303647593468597e-01
1.221643035863219540e+00 5.528527189875064307e-01
1.225521267723102659e+00 5.526746919111030776e-01
1.229399499582986000e+00 5.524962832202625629e-01
1.233277731442869118e+00 5.523174926051115374e-01
1.237155963302752459e+00 5.521383197557766520e-01
1.241034195162635578e+00 5.519587643623841133e-01
1.244912427022518919e+00 5.517788261150604612e-01
1.248790658882402038e+00 5.515985047039321243e-01
1.252668890742285379e+00 5.514177998191253094e-01
1.256547122602168498e+00 5.512367111507668893e-01
1.260425354462051839e+00 5.510552383889827377e-01
1.264303586321935180e+00 5.508733812238998384e-01
1.268181818181818299e+00 5.506911393456441761e-01
1.272060050041701640e+00 5.505085124443424016e-01
1.275938281901584759e+00 5.503255002101209437e-01
1.279816513761468100e+00 5.501421023331063420e-01
1.283694745621351219e+00 5.499583185034244703e-01
1.287572977481234560e+00 5.497741484112026455e-01
1.291451209341117679e+00 5.495895917465666303e-01
1.295329441201001019e+00 5.494046481996429643e-01
1.299207673060884138e+00 5.492193174605582984e-01
1.303085904920767479e+00 5.490335992194388393e-01
1.306964136780650598e+00 5.488474931664111267e-01
1.310842368640533939e+00 5.486609989916013674e-01
1.314720600500417058e+00 5.484741163851365453e-01
1.318598832360300399e+00 5.482868450371423119e-01
1.322477064220183518e+00 5.480991846377459842e-01
1.326355296080066859e+00 5.479111348770733247e-01
1.330233527939950200e+00 5.477226954452509844e-01
1.334111759799833319e+00 5.475338660324052809e-01
1.337989991659716660e+00 5.473446463286628649e-01
1.341868223519599779e+00 5.471550360241499433e-01
1.345746455379483120e+00 5.469650348089930558e-01
1.349624687239366239e+00 5.467746423733187422e-01
1.353502919099249580e+00 5.465838584072532091e-01
1.357381150959132698e+00 5.463926826009229964e-01
1.361259382819016039e+00 5.462011146444545329e-01
1.365137614678899158e+00 5.460091542279743582e-01
1.369015846538782499e+00 5.458168010416087901e-01
1.372894078398665618e+00 5.456240547754840353e-01
1.376772310258548959e+00 5.454309151197269667e-01
1.380650542118432078e+00 5.452373817644639020e-01
1.384528773978315419e+00 5.450434543998210479e-01
1.388407005838198538e+00 5.448491327159247222e-01
1.392285237698081879e+00 5.446544164029016866e-01
1.396163469557965220e+00 5.444593051508784809e-01
1.400041701417848339e+00 5.442637986499810898e-01
1.403919933277731680e+00 5.440678965903363862e-01
1.407798165137614799e+00 5.438715986620705767e-01
1.411676396997498140e+00 5.436749045553098680e-01
1.415554628857381259e+00 5.434778139601810221e-01
1.419432860717264600e+00 5.432803265668103565e-01
1.423311092577147718e+00 5.430824420653246332e-01
1.427189324437031059e+00 5.428841601458495036e-01
1.431067556296914178e+00 5.426854804985122849e-01
1.434945788156797519e+00 5.424864028134387395e-01
1.438824020016680638e+00 5.422869267807556293e-01
1.442702251876563979e+00 5.420870520905891610e-01
1.446580483736447098e+00 5.418867784330662074e-01
1.450458715596330439e+00 5.416861054983127532e-01
1.454336947456213558e+00 5.414850329764552272e-01
1.458215179316096899e+00 5.412835605576203912e-01
1.462093411175980240e+00 5.410816879319343409e-01
1.465971643035863359e+00 5.408794147895238380e-01
1.469849874895746700e+00 5.406767408205148673e-01
1.473728106755629819e+00 5.404736657150344126e-01
1.477606338615513160e+00 5.402701891632084585e-01
1.481484570475396279e+00 5.400663108551635450e-01
1.485362802335279619e+00 5.398620304810262116e-01
1.489241034195162738e+00 5.396573477309227762e-01
1.493119266055046079e+00 5.394522622949797785e-01
1.496997497914929198e+00 5.392467738633236474e-01
1.500875729774812539e+00 5.390408821260805894e-01
1.504753961634695658e+00 5.388345867733772554e-01
1.508632193494578999e+00 5.386278874953400742e-01
1.512510425354462118e+00 5.384207839820954744e-01
1.516388657214345459e+00 5.382132759237697739e-01
1.520266889074228578e+00 5.380053630104895124e-01
1.524145120934111919e+00 5.377970449323808966e-01
1.528023352793995260e+00 5.375883213795707993e-01
1.531901584653878379e+00 5.373791920421850943e-01
1.535779816513761720e+00 5.371696566103505432e-01
1.539658048373644839e+00 5.369597147741937970e-01
1.543536280233528180e+00 5.367493662238407293e-01
1.547414512093411298e+00 5.365386106494182128e-01
1.551292743953294639e+00 5.363274477410525654e-01
1.555170975813177758e+00 5.361158771888699937e-01
1.559049207673061099e+00 5.359038986829972595e-01
1.562927439532944218e+00 5.356915119135604586e-01
1.566805671392827559e+00 5.354787165706864638e-01
1.570683903252710678e+00 5.352655123445013707e-01
1.574562135112594019e+00 5.350518989251317192e-01
1.578440366972477138e+00 5.348378760027037160e-01
1.582318598832360479e+00 5.346234432673441228e-01
1.586196830692243598e+00 5.344086004091793685e-01
1.590075062552126939e+00 5.341933471183354376e-01
1.593953294412010280e+00 5.339776830849392031e-01
1.597831526271893399e+00 5.337616079991172047e-01
1.601709758131776740e+00 5.335451215509953160e-01
1.605587989991659859e+00 5.333282234307004099e-01
1.609466221851543200e+00 5.331109133283588042e-01
1.613344453711426318e+00 5.328931909340970385e-01
1.617222685571309659e+00 5.326750559380410976e-01
1.621100917431192778e+00 5.324565080303180764e-01
1.624979149291076119e+00 5.322375469010537374e-01
1.628857381150959238e+00 5.320181722403749536e-01
1.632735613010842579e+00 5.317983837384080426e-01
1.636613844870725698e+00 5.315781810852795441e-01
1.640492076730609039e+00 5.313575639711156651e-01
1.644370308590492158e+00 5.311365320860429451e-01
1.648248540450375499e+00 5.309150851201877019e-01
1.652126772310258618e+00 5.306932227636766974e-01
1.656005004170141959e+00 5.304709447066360273e-01
1.659883236030025300e+00 5.302482506391922312e-01
1.663761467889908419e+00 5.300251402514718491e-01
1.667639699749791760e+00 5.298016132336010875e-01
1.671517931609674879e+00 5.295776692757064863e-01
1.675396163469558219e+00 5.293533080679144742e-01
1.679274395329441338e+00 5.291285293003515910e-01
1.683152627189324679e+00 5.289033326631442655e-01
1.687030859049207798e+00 5.286777178464185933e-01
1.690909090909091139e+00 5.284516845403013363e-01
1.694787322768974258e+00 5.282252324349187012e-01
1.698665554628857599e+00 5.279983612203975607e-01
1.702543786488740718e+00 5.277710705868637886e-01
1.706422018348624059e+00 5.275433602244441467e-01
1.710300250208507178e+00 5.273152298232649526e-01
1.714178482068390519e+00 5.270866790734527463e-01
1.718056713928273638e+00 5.268577076651338453e-01
1.721934945788156979e+00 5.266283152884343455e-01
1.725813177648040320e+00 5.263985016334814526e-01
1.729691409507923439e+00 5.261682663904011514e-01
1.733569641367806780e+00 5.259376092493197596e-01
1.737447873227689898e+00 5.257065299003639280e-01
1.741326105087573239e+00 5.254750280336599744e-01
1.745204336947456358e+00 5.252431033393345494e-01
1.749082568807339699e+00 5.250107555075136379e-01
1.752960800667222818e+00 5.247779842283241125e-01
1.756839032527106159e+00 5.245447891918919581e-01
1.760717264386989278e+00 5.243111700883441584e-01
1.764595496246872619e+00 5.240771266078068091e-01
1.768473728106755738e+00 5.238426584404062281e-01
1.772351959966639079e+00 5.236077652762690660e-01
1.776230191826522198e+00 5.233724468055218626e-01
1.780108423686405539e+00 5.231367027182907137e-01
1.783986655546288658e+00 5.229005327047022700e-01
1.787864887406171999e+00 5.226639364548828492e-01
1.791743119266055340e+00 5.224269136589589912e-01
1.795621351125938459e+00 5.221894640070569027e-01
1.799499582985821799e+00 5.219515871893033454e-01
1.803377814845704918e+00 5.217132828958247481e-01
1.807256046705588259e+00 5.214745508167470955e-01
1.811134278565471378e+00 5.212353906421971494e-01
1.815012510425354719e+00 5.209958020623015607e-01
1.818890742285237838e+00 5.207557847671860918e-01
1.822768974145121179e+00 5.205153384469777267e-01
1.826647206005004298e+00 5.202744627918028941e-01
1.830525437864887639e+00 5.200331574917876898e-01
1.834403669724770758e+00 5.197914222370588755e-01
1.838281901584654099e+00 5.195492567177426579e-01
1.842160133444537218e+00 5.193066606239654659e-01
1.846038365304420559e+00 5.190636336458539501e-01
1.849916597164303678e+00 5.188201754735343174e-01
1.853794829024187019e+00 5.185762857971329964e-01
1.857673060884070360e+00 5.183319643067766380e-01
1.861551292743953478e+00 5.180872106925914489e-01
1.865429524603836819e+00 5.178420246447040798e-01
1.869307756463719938e+00 5.175964058532406264e-01
1.873185988323603279e+00 5.173503540083278507e-01
1.877064220183486398e+00 5.171038688000920702e-01
1.880942452043369739e+00 5.168569499186594918e-01
1.884820683903252858e+00 5.166095970541568771e-01
1.888698915763136199e+00 5.163618098967105441e-01
1.892577147623019318e+00 5.161135881364469213e-01
1.896455379482902659e+00 5.158649314634924377e-01
1.900333611342785778e+00 5.156158395679734108e-01
1.904211843202669119e+00 5.153663121400164915e-01
1.908090075062552238e+00 5.151163488697478865e-01
1.911968306922435579e+00 5.148659494472942466e-01
1.915846538782318698e+00 5.146151135627817785e-01
1.919724770642202039e+00 5.143638409063370220e-01
1.923603002502085380e+00 5.141121311680865169e-01
1.927481234361968498e+00 5.138599840381564698e-01
1.931359466221851839e+00 5.136073992066733096e-01
1.935237698081734958e+00 5.133543763637636870e-01
1.939115929941618299e+00 5.131009151995541417e-01
1.942994161801501418e+00 5.128470154041706586e-01
1.946872393661384759e+00 5.125926766677398883e-01
1.950750625521267878e+00 5.123378986803881485e-01
1.954628857381151219e+00 5.120826811322424232e-01
1.958507089241034338e+00 5.118270237134282530e-01
1.962385321100917679e+00 5.115709261140728437e-01
1.966263552960800798e+00 5.113143880243020689e-01
1.970141784820684139e+00 5.110574091342426906e-01
1.974020016680567258e+00 5.107999891340211374e-01
1.977898248540450599e+00 5.105421277137636160e-01
1.981776480400333718e+00 5.102838245635967773e-01
1.985654712260217059e+00 5.100250793736468280e-01
1.989532944120100399e+00 5.097658918340404188e-01
1.993411175979983518e+00 5.095062616349038676e-01
1.997289407839866859e+00 5.092461884663636029e-01
2.001167639699750200e+00 5.089856720185461647e-01
2.005045871559633319e+00 5.087247119815778706e-01
2.008924103419516438e+00 5.084633080455851495e-01
2.012802335279399557e+00 5.082014599006945410e-01
2.016680567139283120e+00 5.079391672370322519e-01
2.020558798999166239e+00 5.076764297447250440e-01
2.024437030859049358e+00 5.074132471138991241e-01
2.028315262718932477e+00 5.071496190346806987e-01
2.032193494578816040e+00 5.068855451971967518e-01
2.036071726438699159e+00 5.066210252915734902e-01
2.039949958298582278e+00 5.063560590079370094e-01
2.043828190158465397e+00 5.060906460364140713e-01
2.047706422018348960e+00 5.058247860671309937e-01
2.051584653878232078e+00 5.055584787902144273e-01
2.055462885738115197e+00 5.052917238957904678e-01
2.059341117597998760e+00 5.050245210739857660e-01
2.063219349457881879e+00 5.047568700149266396e-01
2.067097581317764998e+00 5.044887704087397395e-01
2.070975813177648117e+00 5.042202219455512724e-01
2.074854045037531680e+00 5.039512243154874449e-01
2.078732276897414799e+00 5.036817772086753520e-01
2.082610508757297918e+00 5.034118803152409782e-01
2.086488740617181037e+00 5.031415333253106414e-01
2.090366972477064600e+00 5.028707359290108814e-01
2.094245204336947719e+00 5.025994878164684598e-01
2.098123436196830838e+00 5.023277886778094725e-01
2.102001668056713957e+00 5.020556382031602372e-01
2.105879899916597520e+00 5.017830360826474045e-01
2.109758131776480639e+00 5.015099820063974034e-01
2.113636363636363757e+00 5.012364756645366626e-01
2.117514595496246876e+00 5.009625167471917218e-01
2.121392827356130439e+00 5.006881049444885656e-01
2.125271059216013558e+00 5.004132399465541781e-01
2.129149291075896677e+00 5.001379214435146547e-01
2.133027522935780240e+00 4.998621491254964244e-01
2.136905754795663359e+00 4.995859226826258603e-01
2.140783986655546478e+00 4.993092418050298353e-01
2.144662218515429597e+00 4.990321061828343896e-01
2.148540450375313160e+00 4.987545155061659519e-01
2.152418682235196279e+00 4.984764694651510064e-01
2.156296914095079398e+00 4.981979677499162040e-01
2.160175145954962517e+00 4.979190100505877514e-01
2.164053377814846080e+00 4.976395960572920218e-01
2.167931609674729199e+00 4.973597254601554996e-01
2.171809841534612318e+00 4.970793979493045578e-01
2.175688073394495436e+00 4.967986132148660139e-01
2.179566305254378999e+00 4.965173709469657415e-01
2.183444537114262118e+00 4.962356708357306134e-01
2.187322768974145237e+00 4.959535125712867809e-01
2.191201000834028800e+00 4.956708958437608947e-01
2.195079232693911919e+00 4.953878203432791061e-01
2.198957464553795038e+00 4.951042857599681213e-01
2.202835696413678157e+00 4.948202917839542581e-01
2.206713928273561720e+00 4.945358381053638896e-01
2.210592160133444839e+00 4.942509244143235003e-01
2.214470391993327958e+00 4.939655504009595188e-01
2.218348623853211077e+00 4.936797157553983739e-01
2.222226855713094640e+00 4.933934201677664944e-01
2.226105087572977759e+00 4.931066633281904199e-01
2.229983319432860878e+00 4.928194449267963573e-01
2.233861551292743997e+00 4.925317646537108462e-01
2.237739783152627560e+00 4.922436221990603711e-01
2.241618015012510678e+00 4.919550172529712495e-01
2.245496246872393797e+00 4.916659495055701878e-01
2.249374478732276916e+00 4.913764186469831152e-01
2.253252710592160479e+00 4.910864243673369600e-01
2.257130942452043598e+00 4.907959663567579844e-01
2.261009174311926717e+00 4.905050443053723397e-01
2.264887406171810280e+00 4.902136579033068986e-01
2.268765638031693399e+00 4.899218068406878679e-01
2.272643869891576518e+00 4.896294908076416763e-01
2.276522101751459637e+00 4.893367094942948081e-01
2.280400333611343200e+00 4.890434625907735811e-01
2.284278565471226319e+00 4.887497497872045349e-01
2.288156797331109438e+00 4.884555707737140429e-01
2.292035029190992557e+00 4.881609252404287558e-01
2.295913261050876120e+00 4.878658128774746028e-01
2.299791492910759239e+00 4.875702333749786233e-01
2.303669724770642357e+00 4.872741864230666908e-01
2.307547956630525476e+00 4.869776717118656784e-01
2.311426188490409039e+00 4.866806889315017370e-01
2.315304420350292158e+00 4.863832377721014621e-01
2.319182652210175277e+00 4.860853179237911159e-01
2.323060884070058840e+00 4.857869290766973491e-01
2.326939115929941959e+00 4.854880709209464240e-01
2.330817347789825078e+00 4.851887431466647693e-01
2.334695579649708197e+00 4.848889454439789803e-01
2.338573811509591760e+00 4.845886775030152083e-01
2.342452043369474879e+00 4.842879390138999929e-01
2.346330275229357998e+00 4.839867296667599850e-01
2.350208507089241117e+00 4.836850491517215023e-01
2.354086738949124680e+00 4.833828971589107515e-01
2.357964970809007799e+00 4.830802733784543279e-01
2.361843202668890918e+00 4.827771775004787713e-01
2.365721434528774036e+00 4.824736092151104550e-01
2.369599666388657599e+00 4.821695682124755300e-01
2.373477898248540718e+00 4.818650541827007583e-01
2.377356130108423837e+00 4.815600668159125686e-01
2.381234361968306956e+00 4.812546058022372786e-01
2.385112593828190519e+00 4.809486708318011505e-01
2.388990825688073638e+00 4.806422615947310018e-01
2.392869057547956757e+00 4.803353777811529279e-01
2.396747289407840320e+00 4.800280190811934689e-01
2.400625521267723439e+00 4.797201851849793308e-01
2.404503753127606558e+00 4.794118757826363320e-01
2.408381984987489677e+00 4.791030905642913451e-01
2.412260216847373240e+00 4.787938292200708545e-01
2.416138448707256359e+00 4.784840914401010115e-01
2.420016680567139478e+00 4.781738769145084667e-01
2.423894912427022597e+00 4.778631853334195934e-01
2.427773144286906160e+00 4.775520163869606538e-01
2.431651376146789278e+00 4.772403697652583543e-01
2.435529608006672397e+00 4.769282451584388460e-01
2.439407839866555516e+00 4.766156422566290018e-01
2.443286071726439079e+00 4.763025607499546399e-01
2.447164303586322198e+00 4.759890003285425775e-01
2.451042535446205317e+00 4.756749606825192433e-01
2.454920767306088880e+00 4.753604415020107332e-01
2.458798999165971999e+00 4.750454424771440864e-01
2.462677231025855118e+00 4.747299632980452877e-01
2.466555462885738237e+00 4.744140036548409878e-01
2.470433694745621800e+00 4.740975632376571713e-01
2.474311926605504919e+00 4.737806417366208223e-01
2.478190158465388038e+00 4.734632388418580362e-01
2.482068390325271157e+00 4.731453542434954640e-01
2.485946622185154720e+00 4.728269876316592568e-01
2.489824854045037839e+00 4.725081386964761210e-01
2.493703085904920957e+00 4.721888071280724297e-01
2.497581317764804076e+00 4.718689926165743898e-01
2.501459549624687639e+00 4.715486948521085964e-01
2.505337781484570758e+00 4.712279135248017559e-01
2.509216013344453877e+00 4.709066483247799084e-01
2.513094245204336996e+00 4.705848989421694273e-01
2.516972477064220559e+00 4.702626650670968522e-01
2.520850708924103678e+00 4.699399463896890561e-01
2.524728940783986797e+00 4.696167426000719125e-01
2.528607172643870360e+00 4.692930533883719058e-01
2.532485404503753479e+00 4.689688784447156311e-01
2.536363636363636598e+00 4.686442174592296839e-01
2.540241868223519717e+00 4.683190701220401042e-01
2.544120100083403280e+00 4.679934361232735429e-01
2.547998331943286399e+00 4.676673151530563732e-01
2.551876563803169518e+00 4.673407069015150794e-01
2.555754795663052636e+00 4.670136110587760903e-01
2.559633027522936199e+00 4.666860273149657790e-01
2.563511259382819318e+00 4.663579553602105188e-01
2.567389491242702437e+00 4.660293948846369050e-01
2.571267723102585556e+00 4.657003455783713664e-01
2.575145954962469119e+00 4.653708071315401096e-01
2.579024186822352238e+00 4.650407792342697855e-01
2.582902418682235357e+00 4.647102615766867117e-01
2.586780650542118920e+00 4.643792538489173172e-01
2.590658882402002039e+00 4.640477557410881415e-01
2.594537114261885158e+00 4.637157669433254470e-01
2.598415346121768277e+00 4.633832871457559954e-01
2.602293577981651840e+00 4.630503160385056050e-01
2.606171809841534959e+00 4.627168533117014260e-01
2.610050041701418078e+00 4.623828986554693876e-01
2.613928273561301197e+00 4.620484517599360852e-01
2.617806505421184760e+00 4.617135123152279474e-01
2.621684737281067878e+00 4.613780800114712921e-01
2.625562969140950997e+00 4.610421545387928255e-01
2.629441201000834116e+00 4.607057355873188653e-01
2.633319432860717679e+00 4.603688228471756183e-01
2.637197664720600798e+00 4.600314160084896242e-01
2.641075896580483917e+00 4.596935147613874229e-01
2.644954128440367036e+00 4.593551187959954984e-01
2.648832360300250599e+00 4.590162278024400577e-01
2.652710592160133718e+00 4.586768414708478625e-01
2.656588824020016837e+00 4.583369594913448419e-01
2.660467055879900400e+00 4.579965815540578133e-01
2.664345287739783519e+00 4.576557073491130945e-01
2.668223519599666638e+00 4.573143365666372806e-01
2.672101751459549757e+00 4.569724688967565784e-01
2.675979983319433320e+00 4.566301040295974167e-01
2.679858215179316439e+00 4.562872416552863353e-01
2.683736447039199557e+00 4.559438814639496518e-01
2.687614678899082676e+00 4.556000231457139615e-01
2.691492910758966239e+00 4.552556663907055823e-01
2.695371142618849358e+00 4.549108108890509428e-01
2.699249374478732477e+00 4.545654563308765828e-01
2.703127606338615596e+00 4.542196024063087090e-01
2.707005838198499159e+00 4.538732488054739722e-01
2.710884070058382278e+00 4.535263952184988012e-01
2.714762301918265397e+00 4.531790413355093472e-01
2.718640533778148960e+00 4.528311868466324275e-01
2.722518765638032079e+00 4.524828314419940822e-01
2.726396997497915198e+00 4.521339748117211288e-01
2.730275229357798317e+00 4.517846166459396628e-01
2.734153461217681880e+00 4.514347566347763352e-01
2.738031693077564999e+00 4.510843944683576301e-01
2.741909924937448118e+00 4.507335298368097543e-01
2.745788156797331236e+00 4.503821624302590809e-01
2.749666388657214799e+00 4.500302919388324274e-01
2.753544620517097918e+00 4.496779184727433543e-01
2.757422852376981037e+00 4.493250443196855071e-01
2.761301084236864156e+00 4.489716724707210616e-01
2.765179316096747719e+00 4.486178059172621357e-01
2.769057547956630838e+00 4.482634476507212362e-01
2.772935779816513957e+00 4.479086006625104810e-01
2.776814011676397076e+00 4.475532679440422101e-01
2.780692243536280639e+00 4.471974524867288192e-01
2.784570475396163758e+00 4.468411572819826483e-01
2.788448707256046877e+00 4.464843853212159264e-01
2.792326939115930440e+00 4.461271395958412711e-01
2.796205170975813559e+00 4.457694230972705784e-01
2.800083402835696678e+00 4.454112388169164105e-01
2.803961634695579797e+00 4.450525897461911073e-01
2.807839866555463360e+00 4.446934788765069535e-01
2.811718098415346478e+00 4.443339091992760670e-01
2.815596330275229597e+00 4.439738837059110654e-01
2.819474562135112716e+00 4.436134053878241224e-01
2.823352793994996279e+00 4.432524772364274113e-01
2.827231025854879398e+00 4.428911022431336608e-01
2.831109257714762517e+00 4.425292833993548780e-01
2.834987489574645636e+00 4.421670236965035139e-01
2.838865721434529199e+00 4.418043261259916310e-01
2.842743953294412318e+00 4.414411936792317914e-01
2.846622185154295437e+00 4.410776293476363907e-01
2.850500417014179000e+00 4.407136361226175469e-01
2.854378648874062119e+00 4.403492169955876556e-01
2.858256880733945238e+00 4.399843749579591123e-01
2.862135112593828357e+00 4.396191130011441461e-01
2.866013344453711920e+00 4.392534341165550416e-01
2.869891576313595039e+00 4.388873412956042497e-01
2.873769808173478157e+00 4.385208375297039440e-01
2.877648040033361276e+00 4.381539258102666867e-01
2.881526271893244839e+00 4.377866091287044292e-01
2.885404503753127958e+00 4.374188904764297892e-01
2.889282735613011077e+00 4.370507728448549956e-01
2.893160967472894196e+00 4.366822592253923330e-01
2.897039199332777759e+00 4.363133526094540304e-01
2.900917431192660878e+00 4.359440559884527611e-01
2.904795663052543997e+00 4.355743723538004764e-01
2.908673894912427116e+00 4.352043046969097384e-01
2.912552126772310679e+00 4.348338560091927207e-01
2.916430358632193798e+00 4.344630292820616524e-01
2.920308590492076917e+00 4.340918275069290955e-01
2.924186822351960480e+00 4.337202536752071680e-01
2.928065054211843599e+00 4.333483107783083765e-01
2.931943286071726718e+00 4.329760018076450057e-01
2.935821517931609836e+00 4.326033297546292289e-01
2.939699749791493399e+00 4.322302976106734418e-01
2.943577981651376518e+00 4.318569083671900399e-01
2.947456213511259637e+00 4.314831650155911413e-01
2.951334445371142756e+00 4.311090705472894191e-01
2.955212677231026319e+00 4.307346279536968248e-01
2.959090909090909438e+00 4.303598402262257538e-01
2.962969140950792557e+00 4.299847103562888795e-01
2.966847372810675676e+00 4.296092413352980977e-01
2.970725604670559239e+00 4.292334361546657484e-01
2.974603836530442358e+00 4.288572978058045604e-01
2.978482068390325477e+00 4.284808292801263740e-01
2.982360300250209040e+00 4.281040335690435850e-01
2.986238532110092159e+00 4.277269136639689773e-01
2.990116763969975278e+00 4.273494725563142804e-01
2.993994995829858397e+00 4.269717132374922230e-01
2.997873227689741960e+00 4.265936386989148676e-01
3.001751459549625078e+00 4.262152519319946653e-01
3.005629691409508197e+00 4.258365559281440671e-01
3.009507923269391316e+00 4.254575536787749690e-01
3.013386155129274879e+00 4.250782481752999886e-01
3.017264386989157998e+00 4.246986424091315770e-01
3.021142618849041117e+00 4.243187393716817968e-01
3.025020850708924236e+00 4.239385420543631544e-01
3.028899082568807799e+00 4.235580534485877124e-01
3.032777314428690918e+00 4.231772765457680885e-01
3.036655546288574037e+00 4.227962143373163451e-01
3.040533778148457156e+00 4.224148698146450442e-01
3.044412010008340719e+00 4.220332459691662486e-01
3.048290241868223838e+00 4.216513457922926311e-01
3.052168473728106957e+00 4.212691722754362544e-01
3.056046705587990520e+00 4.208867284100091810e-01
3.059924937447873639e+00 4.205040171874244170e-01
3.063803169307756757e+00 4.201210415990937475e-01
3.067681401167639876e+00 4.197378046364296789e-01
3.071559633027523439e+00 4.193543092908443293e-01
3.075437864887406558e+00 4.189705585537503163e-01
3.079316096747289677e+00 4.185865554165599245e-01
3.083194328607172796e+00 4.182023028706852164e-01
3.087072560467056359e+00 4.178178039075387540e-01
3.090950792326939478e+00 4.174330615185328774e-01
3.094829024186822597e+00 4.170480786950795937e-01
3.098707256046705716e+00 4.166628584285916315e-01
3.102585487906589279e+00 4.162774037104809421e-01
3.106463719766472398e+00 4.158917175321600324e-01
3.110341951626355517e+00 4.155058028850414642e-01
3.114220183486239080e+00 4.151196627605369671e-01
3.118098415346122199e+00 4.147333001500593808e-01
3.121976647206005318e+00 4.143467180450208787e-01
3.125854879065888436e+00 4.139599194368336343e-01
3.129733110925771999e+00 4.135729073169099879e-01
3.133611342785655118e+00 4.131856846766626679e-01
3.137489574645538237e+00 4.127982545075034593e-01
3.141367806505421356e+00 4.124106198008449797e-01
3.145246038365304919e+00 4.120227835480995138e-01
3.149124270225188038e+00 4.116347487406791794e-01
3.153002502085071157e+00 4.112465183699964832e-01
3.156880733944954276e+00 4.108580954274638208e-01
3.160758965804837839e+00 4.104694829044932547e-01
3.164637197664720958e+00 4.100806837924975135e-01
3.168515429524604077e+00 4.096917010828884376e-01
3.172393661384487196e+00 4.093025377670787002e-01
3.176271893244370759e+00 4.089131968364803638e-01
3.180150125104253878e+00 4.085236812825058239e-01
3.184028356964136997e+00 4.081339940965676427e-01
3.187906588824020560e+00 4.077441382700778827e-01
3.191784820683903678e+00 4.073541167944488839e-01
3.195663052543786797e+00 4.069639326610930974e-01
3.199541284403669916e+00 4.065735888614227522e-01
3.203419516263553479e+00 4.061830883868500774e-01
3.207297748123436598e+00 4.057924342287875796e-01
3.211175979983319717e+00 4.054016293786475433e-01
3.215054211843202836e+00 4.050106768278421976e-01
3.218932443703086399e+00 4.046195795677837714e-01
3.222810675562969518e+00 4.042283405898848825e-01
3.226688907422852637e+00 4.038369628855577043e-01
3.230567139282735756e+00 4.034454494462143548e-01
3.234445371142619319e+00 4.030538032632675072e-01
3.238323603002502438e+00 4.026620273281292794e-01
3.242201834862385557e+00 4.022701246322119562e-01
3.246080066722269120e+00 4.018780981669279329e-01
3.249958298582152239e+00 4.014859509236896606e-01
3.253836530442035357e+00 4.010936858939092020e-01
3.257714762301918476e+00 4.007013060689990636e-01
3.261592994161802039e+00 4.003088144403713633e-01
3.265471226021685158e+00 3.999162139994385523e-01
3.269349457881568277e+00 3.995235077376131372e-01
3.273227689741451396e+00 3.991306986463071249e-01
3.277105921601334959e+00 3.987377897169329111e-01
3.280984153461218078e+00 3.983447839409030578e-01
3.284862385321101197e+00 3.979516843096296830e-01
3.288740617180984316e+00 3.975584938145250713e-01
3.292618849040867879e+00 3.971652154470014517e-01
3.296497080900750998e+00 3.967718521984713309e-01
3.300375312760634117e+00 3.963784070603471044e-01
3.304253544620517236e+00 3.959848830240408346e-01
3.308131776480400799e+00 3.955912830809650838e-01
3.312010008340283918e+00 3.951976102225321363e-01
3.315888240200167036e+00 3.948038674401541104e-01
3.319766472060050599e+00 3.944100577252434570e-01
3.323644703919933718e+00 3.940161840692125161e-01
3.327522935779816837e+00 3.936222494634736280e-01
3.331401167639699956e+00 3.932282568994391325e-01
3.335279399499583519e+00 3.928342093685212033e-01
3.339157631359466638e+00 3.924401098621322359e-01
3.343035863219349757e+00 3.920459613716846814e-01
3.346914095079232876e+00 3.916517668885905468e-01
3.350792326939116439e+00 3.912575294042624496e-01
3.354670558798999558e+00 3.908632519101126190e-01
3.358548790658882677e+00 3.904689373975533395e-01
3.362427022518765796e+00 3.900745888579971177e-01
3.366305254378649359e+00 3.896802092828560160e-01
3.370183486238532478e+00 3.892858016635423191e-01
3.374061718098415597e+00 3.888913689914686445e-01
3.377939949958299160e+00 3.884969142580469992e-01
3.381818181818182278e+00 3.881024404546898898e-01
3.385696413678065397e+00 3.877079505728096565e-01
3.389574645537948516e+00 3.873134476038185836e-01
3.393452877397832079e+00 3.869189345391288448e-01
3.397331109257715198e+00 3.865244143701530022e-01
3.401209341117598317e+00 3.861298900883032292e-01
3.405087572977481436e+00 3.857353646849919215e-01
3.408965804837364999e+00 3.853408411516311971e-01
3.412844036697248118e+00 3.849463224796335625e-01
3.416722268557131237e+00 3.845518116604114689e-01
3.420600500417014356e+00 3.841573116853769232e-01
3.424478732276897919e+00 3.837628255459424320e-01
3.428356964136781038e+00 3.833683562335203909e-01
3.432235195996664157e+00 3.829739067395228624e-01
3.436113427856547275e+00 3.825794800553623531e-01
3.439991659716430839e+00 3.821850791724511476e-01
3.443869891576313957e+00 3.817907070822015858e-01
3.447748123436197076e+00 3.813963667760260079e-01
3.451626355296080639e+00 3.810020612453365318e-01
3.455504587155963758e+00 3.806077934815456643e-01
3.459382819015846877e+00 3.802135664760658007e-01
3.463261050875729996e+00 3.798193832203091702e-01
3.467139282735613559e+00 3.794252467056879463e-01
3.471017514595496678e+00 3.790311599236146356e-01
3.474895746455379797e+00 3.786371258655015781e-01
3.478773978315262916e+00 3.782431475227610029e-01
3.482652210175146479e+00 3.778492278868052501e-01
3.486530442035029598e+00 3.774553699490465486e-01
3.490408673894912717e+00 3.770615767008974606e-01
3.494286905754795836e+00 3.766678511337699375e-01
3.498165137614679399e+00 3.762741962390766526e-01
3.502043369474562517e+00 3.758806150082297237e-01
3.505921601334445636e+00 3.754871104326416020e-01
3.509799833194329199e+00 3.750936855037244611e-01
3.513678065054212318e+00 3.747003432128908074e-01
3.517556296914095437e+00 3.743070865515528145e-01
3.521434528773978556e+00 3.739139185111229335e-01
3.525312760633862119e+00 3.735208420830132825e-01
3.529190992493745238e+00 3.731278602586362569e-01
3.533069224353628357e+00 3.727349760294043080e-01
3.536947456213511476e+00 3.723421923867296091e-01
3.540825688073395039e+00 3.719495123220245003e-01
3.544703919933278158e+00 3.715569388267014328e-01
3.548582151793161277e+00 3.711644748921725245e-01
3.552460383653044396e+00 3.707721235098502266e-01
3.556338615512927959e+00 3.703798876711468790e-01
3.560216847372811078e+00 3.699877703674747664e-01
3.564095079232694196e+00 3.695957745902462288e-01
3.567973311092577315e+00 3.692039033308734397e-01
3.571851542952460878e+00 3.688121595807688502e-01
3.575729774812343997e+00 3.684205463313447448e-01
3.579608006672227116e+00 3.680290665740135747e-01
3.583486238532110679e+00 3.676377233001874578e-01
3.587364470391993798e+00 3.672465195012788453e-01
3.591242702251876917e+00 3.668554581687000216e-01
3.595120934111760036e+00 3.664645422938633268e-01
3.598999165971643599e+00 3.660737748681809900e-01
3.602877397831526718e+00 3.656831588830654067e-01
3.606755629691409837e+00 3.652926973299288615e-01
3.610633861551292956e+00 3.649023932001838055e-01
3.614512093411176519e+00 3.645122494852424122e-01
3.618390325271059638e+00 3.641222691765170216e-01
3.622268557130942757e+00 3.637324552654198628e-01
3.626146788990825875e+00 3.633428107433636089e-01
3.630025020850709438e+00 3.629533386017601559e-01
3.633903252710592557e+00 3.625640418320220104e-01
3.637781484570475676e+00 3.621749234255616234e-01
3.641659716430359239e+00 3.617859863737911130e-01
3.645537948290242358e+00 3.613972336681228192e-01
3.649416180150125477e+00 3.610086682999692487e-01
3.653294412010008596e+00 3.606202932607424638e-01
3.657172643869892159e+00 3.602321115418548603e-01
3.661050875729775278e+00 3.598441261347189446e-01
3.664929107589658397e+00 3.594563400307467793e-01
3.668807339449541516e+00 3.590687562213509265e-01
3.672685571309425079e+00 3.586813776979434487e-01
3.676563803169308198e+00 3.582942074519368525e-01
3.680442035029191317e+00 3.579072484747434779e-01
3.684320266889074436e+00 3.575205037577754430e-01
3.688198498748957999e+00 3.571339762924451988e-01
3.692076730608841117e+00 3.567476690701651409e-01
3.695954962468724236e+00 3.563615850823473874e-01
3.699833194328607355e+00 3.559757273204045558e-01
3.703711426188490918e+00 3.555900987757487086e-01
3.707589658048374037e+00 3.552047024397922415e-01
3.711467889908257156e+00 3.548195413039474944e-01
3.715346121768140719e+00 3.544346183596268074e-01
3.719224353628023838e+00 3.540499365982423541e-01
3.723102585487906957e+00 3.536654990112066965e-01
3.726980817347790076e+00 3.532813085899320082e-01
3.730859049207673639e+00 3.528973683258305738e-01
3.734737281067556758e+00 3.525136812103148443e-01
3.738615512927439877e+00 3.521302502347969932e-01
3.742493744787322996e+00 3.517470783906895271e-01
3.746371976647206559e+00 3.513641686694045085e-01
3.750250208507089678e+00 3.509815240623543331e-01
3.754128440366972796e+00 3.505991475609515629e-01
3.758006672226855915e+00 3.502170421566082048e-01
3.761884904086739478e+00 3.498352108407368766e-01
3.765763135946622597e+00 3.494536566047495851e-01
3.769641367806505716e+00 3.490723824400590036e-01
3.773519599666389279e+00 3.486913913380770835e-01
3.777397831526272398e+00 3.483106862902163869e-01
3.781276063386155517e+00 3.479302702878890874e-01
3.785154295246038636e+00 3.475501463225076915e-01
3.789032527105922199e+00 3.471703173854842062e-01
3.792910758965805318e+00 3.467907864682313046e-01
3.796788990825688437e+00 3.464115565621612713e-01
3.800667222685571556e+00 3.460326306586861134e-01
3.804545454545455119e+00 3.456540117492183373e-01
3.808423686405338238e+00 3.452757028251702831e-01
3.812301918265221357e+00 3.448977068779544020e-01
3.816180150125104475e+00 3.445200268989828118e-01
3.820058381984988038e+00 3.441426658796678528e-01
3.823936613844871157e+00 3.437656268114218094e-01
3.827814845704754276e+00 3.433889126856571883e-01
3.831693077564637395e+00 3.430125264937862739e-01
3.835571309424520958e+00 3.426364712272211843e-01
3.839449541284404077e+00 3.422607498773743706e-01
3.843327773144287196e+00 3.418853654356582283e-01
3.847206005004170759e+00 3.415103208934848755e-01
3.851084236864053878e+00 3.411356192422669298e-01
3.854962468723936997e+00 3.407612634734163981e-01
3.858840700583820116e+00 3.403872565783458426e-01
3.862718932443703679e+00 3.400136015484673813e-01
3.866597164303586798e+00 3.396403013751933542e-01
3.870475396163469917e+00 3.392673590499363789e-01
3.874353628023353036e+00 3.388947775641084070e-01
3.878231859883236599e+00 3.385225599091219451e-01
3.882110091743119717e+00 3.381507090763892776e-01
3.885988323603002836e+00 3.377792280573228001e-01
3.889866555462885955e+00 3.374081198433347417e-01
3.893744787322769518e+00 3.370373874258373315e-01
3.897623019182652637e+00 3.366670337962429649e-01
3.901501251042535756e+00 3.362970619459641486e-01
3.905379482902419319e+00 3.359274748664129451e-01
3.909257714762302438e+00 3.355582755490017499e-01
3.913135946622185557e+00 3.351894669851430697e-01
3.917014178482068676e+00 3.348210521662489114e-01
3.920892410341952239e+00 3.344530340837318372e-01
3.924770642201835358e+00 3.340854157290040205e-01
3.928648874061718477e+00 3.337182000934778570e-01
3.932527105921601596e+00 3.333513901685657421e-01
3.936405337781485159e+00 3.329849889456797385e-01
3.940283569641368278e+00 3.326189994162324637e-01
3.944161801501251396e+00 3.322534245716360357e-01
3.948040033361134515e+00 3.318882674033028501e-01
3.951918265221018078e+00 3.315235309026451915e-01
3.955796497080901197e+00 3.311592180610754554e-01
3.959674728940784316e+00 3.307953318700059264e-01
3.963552960800667435e+00 3.304318753208490000e-01
3.967431192660550998e+00 3.300688514050167388e-01
3.971309424520434117e+00 3.297062631139216493e-01
3.975187656380317236e+00 3.293441134389760716e-01
3.979065888240200799e+00 3.289824053715923458e-01
3.982944120100083918e+00 3.286211419031827008e-01
3.986822351959967037e+00 3.282603260251594768e-01
3.990700583819850156e+00 3.278999607289350138e-01
3.994578815679733719e+00 3.275400490059216518e-01
3.998457047539616838e+00 3.271805938475317310e-01
4.002335279399500401e+00 3.268215982451774249e-01
4.006213511259383075e+00 3.264630651902712399e-01
4.010091743119266638e+00 3.261049976742253498e-01
4.013969974979149313e+00 3.257473986884521500e-01
4.017848206839032876e+00 3.253902712243640361e-01
4.021726438698916439e+00 3.250336182733730706e-01
4.025604670558799114e+00 3.246774428268918711e-01
4.029482902418682677e+00 3.243217478763326111e-01
4.033361134278566240e+00 3.239665364131076863e-01
4.037239366138448915e+00 3.236118114286292702e-01
4.041117597998332478e+00 3.232575759143097582e-01
4.044995829858216041e+00 3.229038328615614906e-01
4.048874061718098716e+00 3.225505852617968627e-01
4.052752293577982279e+00 3.221978361064281038e-01
4.056630525437864954e+00 3.218455883868674983e-01
4.060508757297748517e+00 3.214938450945273862e-01
4.064386989157632080e+00 3.211426092208201633e-01
4.068265221017514754e+00 3.207918837571581139e-01
4.072143452877398317e+00 3.204416716949534671e-01
4.076021684737281880e+00 3.200919760256186741e-01
4.079899916597164555e+00 3.197427997405660749e-01
4.083778148457048118e+00 3.193941458312078430e-01
4.087656380316930793e+00 3.190460172889563739e-01
4.091534612176814356e+00 3.186984171052239523e-01
4.095412844036697919e+00 3.183513482714230292e-01
4.099291075896580594e+00 3.180048137789657225e-01
4.103169307756464157e+00 3.176588166192644835e-01
4.107047539616347720e+00 3.173133597837315967e-01
4.110925771476230395e+00 3.169684462637794020e-01
4.114804003336113958e+00 3.166240790508202396e-01
4.118682235195997521e+00 3.162802611362663385e-01
4.122560467055880196e+00 3.159369955115303163e-01
4.126438698915763759e+00 3.155942851680239580e-01
4.130316930775646433e+00 3.152521330971600477e-01
4.134195162635529996e+00 3.149105422903506479e-01
4.138073394495413559e+00 3.145695157390081542e-01
4.141951626355296234e+00 3.142290564345450177e-01
4.145829858215179797e+00 3.138891673683734118e-01
4.149708090075063360e+00 3.135498515319056212e-01
4.153586321934946035e+00 3.132111119165540414e-01
4.157464553794829598e+00 3.128729515137309569e-01
4.161342785654712273e+00 3.125353733148488744e-01
4.165221017514595836e+00 3.121983803113198008e-01
4.169099249374479399e+00 3.118619754945562983e-01
4.172977481234362074e+00 3.115261618559705958e-01
4.176855713094245637e+00 3.111909423869749780e-01
4.180733944954129200e+00 3.108563200789816738e-01
4.184612176814011875e+00 3.105222979234033565e-01
4.188490408673895438e+00 3.101888789116520329e-01
4.192368640533779001e+00 3.098560660351400431e-01
4.196246872393661675e+00 3.095238622852799493e-01
4.200125104253545238e+00 3.091922706534838139e-01
4.204003336113427913e+00 3.088612941311640880e-01
4.207881567973311476e+00 3.085309357097329452e-01
4.211759799833195039e+00 3.082011983806028921e-01
4.215638031693077714e+00 3.078720851351861021e-01
4.219516263552961277e+00 3.075435989648950263e-01
4.223394495412844840e+00 3.072157428611417829e-01
4.227272727272727515e+00 3.068885198153389338e-01
4.231150959132611078e+00 3.065619328188985970e-01
4.235029190992493753e+00 3.062359848632334458e-01
4.238907422852377316e+00 3.059106789397552095e-01
4.242785654712260879e+00 3.055860180398767834e-01
4.246663886572143554e+00 3.052620051550102298e-01
4.250542118432027117e+00 3.049386432765676669e-01
4.254420350291910680e+00 3.046159353959618232e-01
4.258298582151793354e+00 3.042938845046048169e-01
4.262176814011676917e+00 3.039724935939088213e-01
4.266055045871560480e+00 3.036517656552864541e-01
4.269933277731443155e+00 3.033317036801498334e-01
4.273811509591326718e+00 3.030123106599113547e-01
4.277689741451209393e+00 3.026935895859833581e-01
4.281567973311092956e+00 3.023755434497781280e-01
4.285446205170976519e+00 3.020581752427079492e-01
4.289324437030859194e+00 3.017414879561852725e-01
4.293202668890742757e+00 3.014254845816221051e-01
4.297080900750626320e+00 3.011101681104311756e-01
4.300959132610508995e+00 3.007955415340246574e-01
4.304837364470392558e+00 3.004816078438146687e-01
4.308715596330276121e+00 3.001683700312137715e-01
4.312593828190158796e+00 2.998558310876341948e-01
4.316472060050042359e+00 2.995439940044881677e-01
4.320350291909925033e+00 2.992328617731882523e-01
4.324228523769808596e+00 2.989224373851465666e-01
4.328106755629692159e+00 2.986127238317755617e-01
4.331984987489574834e+00 2.983037241044874666e-01
4.335863219349458397e+00 2.979954411946945103e-01
4.339741451209341960e+00 2.976878780938091440e-01
4.343619683069224635e+00 2.973810377932437632e-01
4.347497914929108198e+00 2.970749232844104859e-01
4.351376146788990873e+00 2.967695375587217632e-01
4.355254378648874436e+00 2.964648836075899907e-01
4.359132610508757999e+00 2.961609644224272864e-01
4.363010842368640674e+00 2.958577829946461568e-01
4.366889074228524237e+00 2.955553423156587756e-01
4.370767306088407800e+00 2.952536453768774827e-01
4.374645537948290475e+00 2.949526951697147292e-01
4.378523769808174038e+00 2.946524946855826887e-01
4.382402001668057601e+00 2.943530469158937013e-01
4.386280233527940275e+00 2.940543548520602735e-01
4.390158465387823838e+00 2.937564214854944122e-01
4.394036697247706513e+00 2.934592498076087352e-01
4.397914929107590076e+00 2.931628428098154160e-01
4.401793160967473639e+00 2.928672034835266280e-01
4.405671392827356314e+00 2.925723348201550444e-01
4.409549624687239877e+00 2.922782398111126723e-01
4.413427856547123440e+00 2.919849214478119626e-01
4.417306088407006115e+00 2.916923827216653109e-01
4.421184320266889678e+00 2.914006266240848908e-01
4.425062552126772353e+00 2.911096561464831534e-01
4.428940783986655916e+00 2.908194742802722166e-01
4.432819015846539479e+00 2.905300840168645871e-01
4.436697247706422154e+00 2.902414883476726049e-01
4.440575479566305717e+00 2.899536902641083880e-01
4.444453711426189280e+00 2.896666927575844985e-01
4.448331943286071954e+00 2.893804988195131100e-01
4.452210175145955517e+00 2.890951114413065626e-01
4.456088407005839080e+00 2.888105336143771407e-01
4.459966638865721755e+00 2.885267683301372954e-01
4.463844870725605318e+00 2.882438185799992003e-01
4.467723102585487993e+00 2.879616873553753065e-01
4.471601334445371556e+00 2.876803776476777874e-01
4.475479566305255119e+00 2.873998924483190387e-01
4.479357798165137794e+00 2.871202347487115114e-01
4.483236030025021357e+00 2.868414075402673236e-01
4.487114261884904920e+00 2.865634138143988152e-01
4.490992493744787595e+00 2.862862565625184375e-01
4.494870725604671158e+00 2.860099387760383638e-01
4.498748957464553833e+00 2.857344634463710453e-01
4.502627189324437396e+00 2.854598335649287111e-01
4.506505421184320959e+00 2.851860521231237566e-01
4.510383653044203633e+00 2.849131221123684110e-01
4.514261884904087196e+00 2.846410465240749588e-01
4.518140116763970759e+00 2.843698283496559065e-01
4.522018348623853434e+00 2.840994705805235943e-01
4.525896580483736997e+00 2.838299762080900290e-01
4.529774812343620560e+00 2.835613482237677174e-01
4.533653044203503235e+00 2.832935896189691105e-01
4.537531276063386798e+00 2.830267033851063263e-01
4.541409507923269473e+00 2.827606925135917604e-01
4.545287739783153036e+00 2.824955599958377528e-01
4.549165971643036599e+00 2.822313088232565881e-01
4.553044203502919274e+00 2.819679419872605508e-01
4.556922435362802837e+00 2.817054624792619810e-01
4.560800667222686400e+00 2.814438732906732743e-01
4.564678899082569075e+00 2.811831774129068262e-01
4.568557130942452638e+00 2.809233778373747548e-01
4.572435362802336201e+00 2.806644775554894000e-01
4.576313594662218875e+00 2.804064795586632131e-01
4.580191826522102438e+00 2.801493868383084229e-01
4.584070058381985113e+00 2.798932023858374252e-01
4.587948290241868676e+00 2.796379291926623933e-01
4.591826522101752239e+00 2.793835702501956675e-01
4.595704753961634914e+00 2.791301285498498652e-01
4.599582985821518477e+00 2.788776070830368825e-01
4.603461217681402040e+00 2.786260088411692815e-01
4.607339449541284715e+00 2.783753368156594576e-01
4.611217681401168278e+00 2.781255939979194736e-01
4.615095913261050953e+00 2.778767833793619468e-01
4.618974145120934516e+00 2.776289079513988289e-01
4.622852376980818079e+00 2.773819707054427930e-01
4.626730608840700754e+00 2.771359746329060125e-01
4.630608840700584317e+00 2.768909227252007721e-01
4.634487072560467880e+00 2.766468179737394117e-01
4.638365304420350554e+00 2.764036633699343271e-01
4.642243536280234117e+00 2.761614619051977471e-01
4.646121768140117680e+00 2.759202165709419563e-01
4.650000000000000355e+00 2.756799303585794059e-01
