0.000000000000000000e+00 5.915986673285623665e-01
4.654654654654655395e-03 5.915265485195748685e-01
9.309309309309310790e-03 5.914542165630036763e-01
1.396396396396396705e-02 5.913816697962729352e-01
1.861861861861862158e-02 5.913089065568061242e-01
2.327327327327327611e-02 5.912359251820278327e-01
2.792792792792793410e-02 5.911627240093609847e-01
3.258258258258258516e-02 5.910893013762303916e-01
3.723723723723724316e-02 5.910156556200591993e-01
4.189189189189190116e-02 5.909417850782717752e-01
4.654654654654655221e-02 5.908676880882915983e-01
5.120120120120121021e-02 5.907933629875431469e-01
5.585585585585586821e-02 5.907188081134497892e-01
6.051051051051051927e-02 5.906440218034355594e-01
6.516516516516517032e-02 5.905690023949241585e-01
6.981981981981982832e-02 5.904937482253399539e-01
7.447447447447448632e-02 5.904182576321064246e-01
7.912912912912914432e-02 5.903425289526476050e-01
8.378378378378380231e-02 5.902665605243871960e-01
8.843843843843844643e-02 5.901903506847493430e-01
9.309309309309310443e-02 5.901138977711576361e-01
9.774774774774776243e-02 5.900372001210364425e-01
1.024024024024024204e-01 5.899602560718092414e-01
1.070570570570570784e-01 5.898830639608998450e-01
1.117117117117117364e-01 5.898056221257326204e-01
1.163663663663663805e-01 5.897279289037308248e-01
1.210210210210210385e-01 5.896499826323188254e-01
1.256756756756756965e-01 5.895717816489201013e-01
1.303303303303303406e-01 5.894933242909589088e-01
1.349849849849850125e-01 5.894146088958589491e-01
1.396396396396396566e-01 5.893356338010441453e-01
1.442942942942943285e-01 5.892563973439384206e-01
1.489489489489489726e-01 5.891768978619656982e-01
1.536036036036036168e-01 5.890971336925495683e-01
1.582582582582582886e-01 5.890171031731141760e-01
1.629129129129129328e-01 5.889368046410834445e-01
1.675675675675676046e-01 5.888562364338812971e-01
1.722222222222222487e-01 5.887753968889311018e-01
1.768768768768768929e-01 5.886942843436574480e-01
1.815315315315315647e-01 5.886128971354837036e-01
1.861861861861862089e-01 5.885312336018342361e-01
1.908408408408408807e-01 5.884492920801323024e-01
1.954954954954955249e-01 5.883670709078023808e-01
2.001501501501501690e-01 5.882845684222678395e-01
2.048048048048048408e-01 5.882017829609529347e-01
2.094594594594594850e-01 5.881187128612813675e-01
2.141141141141141568e-01 5.880353564606773942e-01
2.187687687687688010e-01 5.879517120965642718e-01
2.234234234234234728e-01 5.878677781063662566e-01
2.280780780780781170e-01 5.877835528275072718e-01
2.327327327327327611e-01 5.876990345974111296e-01
2.373873873873874329e-01 5.876142217535016421e-01
2.420420420420420771e-01 5.875291126332026215e-01
2.466966966966967489e-01 5.874437055739382130e-01
2.513513513513513931e-01 5.873579989131321177e-01
2.560060060060060372e-01 5.872719909882083700e-01
2.606606606606606813e-01 5.871856801365904488e-01
2.653153153153153809e-01 5.870990646957028325e-01
2.699699699699700250e-01 5.870121430029691112e-01
2.746246246246246692e-01 5.869249133958128750e-01
2.792792792792793133e-01 5.868373742116584912e-01
2.839339339339339574e-01 5.867495237879297720e-01
2.885885885885886570e-01 5.866613604620503075e-01
2.932432432432433012e-01 5.865728825714441319e-01
2.978978978978979453e-01 5.864840884535351684e-01
3.025525525525525894e-01 5.863949764457473401e-01
3.072072072072072335e-01 5.863055448855042373e-01
3.118618618618619331e-01 5.862157921102301161e-01
3.165165165165165773e-01 5.861257164573488998e-01
3.211711711711712214e-01 5.860353162642839564e-01
3.258258258258258655e-01 5.859445898684598752e-01
3.304804804804805096e-01 5.858535356072999134e-01
3.351351351351352093e-01 5.857621518182284381e-01
3.397897897897898534e-01 5.856704368386688175e-01
3.444444444444444975e-01 5.855783890060454189e-01
3.490990990990991416e-01 5.854860066577818323e-01
3.537537537537537857e-01 5.853932881313022030e-01
3.584084084084084854e-01 5.853002317640300101e-01
3.630630630630631295e-01 5.852068358933895098e-01
3.677177177177177736e-01 5.851130988568044033e-01
3.723723723723724177e-01 5.850190189916983918e-01
3.770270270270270618e-01 5.849245946354959536e-01
3.816816816816817615e-01 5.848298241256204566e-01
3.863363363363364056e-01 5.847347057994959352e-01
3.909909909909910497e-01 5.846392379945464235e-01
3.956456456456456938e-01 5.845434190481954007e-01
4.003003003003003379e-01 5.844472472978671229e-01
4.049549549549550376e-01 5.843507210809854024e-01
4.096096096096096817e-01 5.842538387349740514e-01
4.142642642642643258e-01 5.841565985972569930e-01
4.189189189189189699e-01 5.840589990052579283e-01
4.235735735735736140e-01 5.839610382964010027e-01
4.282282282282283137e-01 5.838627148081100282e-01
4.328828828828829578e-01 5.837640268778089281e-01
4.375375375375376019e-01 5.836649728429212924e-01
4.421921921921922460e-01 5.835655510408714886e-01
4.468468468468469457e-01 5.834657598090829955e-01
4.515015015015015898e-01 5.833655974849797365e-01
4.561561561561562339e-01 5.832650624059860789e-01
4.608108108108108780e-01 5.831641529095252796e-01
4.654654654654655221e-01 5.830628673330214840e-01
4.701201201201202218e-01 5.829612040138985041e-01
4.747747747747748659e-01 5.828591612895803742e-01
4.794294294294295100e-01 5.827567374974909065e-01
4.840840840840841541e-01 5.826539309750539131e-01
4.887387387387387983e-01 5.825507400596930951e-01
4.933933933933934979e-01 5.824471630888329310e-01
4.980480480480481420e-01 5.823431983998970107e-01
5.027027027027027861e-01 5.822388443303089245e-01
5.073573573573574302e-01 5.821340992174928175e-01
5.120120120120120744e-01 5.820289613988726130e-01
5.166666666666667185e-01 5.819234292118721230e-01
5.213213213213213626e-01 5.818175009939151598e-01
5.259759759759760067e-01 5.817111750824255356e-01
5.306306306306307619e-01 5.816044498148273956e-01
5.352852852852854060e-01 5.814973235285444408e-01
5.399399399399400501e-01 5.813897945610008167e-01
5.445945945945946942e-01 5.812818612496198911e-01
5.492492492492493383e-01 5.811735219318260315e-01
5.539039039039039825e-01 5.810647749450430499e-01
5.585585585585586266e-01 5.809556186266946476e-01
5.632132132132132707e-01 5.808460513142047477e-01
5.678678678678679148e-01 5.807360713449972733e-01
5.725225225225225589e-01 5.806256770564961478e-01
5.771771771771773141e-01 5.805148667861251832e-01
5.818318318318319582e-01 5.804036388713085248e-01
5.864864864864866023e-01 5.802919916494695407e-01
5.911411411411412464e-01 5.801799234580324871e-01
5.957957957957958905e-01 5.800674326344209542e-01
6.004504504504505347e-01 5.799545175160594201e-01
6.051051051051051788e-01 5.798411764403710311e-01
6.097597597597598229e-01 5.797274077447803764e-01
6.144144144144144670e-01 5.796132097667104910e-01
6.190690690690692222e-01 5.794985808435862973e-01
6.237237237237238663e-01 5.793835193128308303e-01
6.283783783783785104e-01 5.792680235118683463e-01
6.330330330330331545e-01 5.791520917781227684e-01
6.376876876876877986e-01 5.790357224490175758e-01
6.423423423423424428e-01 5.789189138619772468e-01
6.469969969969970869e-01 5.788016643544251494e-01
6.516516516516517310e-01 5.786839722637854289e-01
6.563063063063063751e-01 5.785658359274820084e-01
6.609609609609610192e-01 5.784472536829387002e-01
6.656156156156157744e-01 5.783282238675793163e-01
6.702702702702704185e-01 5.782087448188276690e-01
6.749249249249250626e-01 5.780888148741077925e-01
6.795795795795797067e-01 5.779684323708437210e-01
6.842342342342343509e-01 5.778475956464591556e-01
6.888888888888889950e-01 5.777263030383780196e-01
6.935435435435436391e-01 5.776045528840240140e-01
6.981981981981982832e-01 5.774823435208209510e-01
7.028528528528529273e-01 5.773596732861931979e-01
7.075075075075075715e-01 5.772365405175643449e-01
7.121621621621623266e-01 5.771129435523584261e-01
7.168168168168169707e-01 5.769888807279991427e-01
7.214714714714716148e-01 5.768643503819104179e-01
7.261261261261262590e-01 5.767393508515161749e-01
7.307807807807809031e-01 5.766138804742402257e-01
7.354354354354355472e-01 5.764879375875064937e-01
7.400900900900901913e-01 5.763615205287389021e-01
7.447447447447448354e-01 5.762346276353614849e-01
7.493993993993994795e-01 5.761072572447976103e-01
7.540540540540541237e-01 5.759794076944716457e-01
7.587087087087088788e-01 5.758510773218072920e-01
7.633633633633635229e-01 5.757222644642285836e-01
7.680180180180181670e-01 5.755929674591593326e-01
7.726726726726728112e-01 5.754631846440232401e-01
7.773273273273274553e-01 5.753329143562443404e-01
7.819819819819820994e-01 5.752021549332465566e-01
7.866366366366367435e-01 5.750709047124535900e-01
7.912912912912913876e-01 5.749391620312896967e-01
7.959459459459460318e-01 5.748069252271784668e-01
8.006006006006006759e-01 5.746741926375437126e-01
8.052552552552554310e-01 5.745409625998094683e-01
8.099099099099100751e-01 5.744072334513995459e-01
8.145645645645647193e-01 5.742730035297379798e-01
8.192192192192193634e-01 5.741382711722483601e-01
8.238738738738740075e-01 5.740030347163550539e-01
8.285285285285286516e-01 5.738672924994814295e-01
8.331831831831832957e-01 5.737310428590516320e-01
8.378378378378379399e-01 5.735942841324894736e-01
8.424924924924925840e-01 5.734570146572189886e-01
8.471471471471472281e-01 5.733192327706638780e-01
8.518018018018019832e-01 5.731809368102480651e-01
8.564564564564566274e-01 5.730421251133953620e-01
8.611111111111112715e-01 5.729027960175299139e-01
8.657657657657659156e-01 5.727629478600752000e-01
8.704204204204205597e-01 5.726225789784555875e-01
8.750750750750752038e-01 5.724816877100945556e-01
8.797297297297298480e-01 5.723402723924161384e-01
8.843843843843844921e-01 5.721983313628443701e-01
8.890390390390391362e-01 5.720558629588028410e-01
8.936936936936938913e-01 5.719128655177155851e-01
8.983483483483485355e-01 5.717693373770067478e-01
9.030030030030031796e-01 5.716252768740994750e-01
9.076576576576578237e-01 5.714806823464183561e-01
9.123123123123124678e-01 5.713355521313870922e-01
9.169669669669671119e-01 5.711898845664294955e-01
9.216216216216217560e-01 5.710436779889693781e-01
9.262762762762764002e-01 5.708969307364307744e-01
9.309309309309310443e-01 5.707496411462373853e-01
9.355855855855856884e-01 5.706018075558134672e-01
9.402402402402404435e-01 5.704534283025824992e-01
9.448948948948950877e-01 5.703045017239685155e-01
9.495495495495497318e-01 5.701550261573953282e-01
9.542042042042043759e-01 5.700049999402870826e-01
9.588588588588590200e-01 5.698544214100672578e-01
9.635135135135136641e-01 5.697032889041602211e-01
9.681681681681683083e-01 5.695516007599893404e-01
9.728228228228229524e-01 5.693993553149788722e-01
9.774774774774775965e-01 5.692465509065525175e-01
9.821321321321322406e-01 5.690931858721341996e-01
9.867867867867869958e-01 5.689392585491478416e-01
9.914414414414416399e-01 5.687847672750172556e-01
9.960960960960962840e-01 5.686297103871663650e-01
1.000750750750750928e+00 5.684740862230192038e-01
1.005405405405405572e+00 5.683178931199993622e-01
1.010060060060060216e+00 5.681611294155309855e-01
1.014714714714714860e+00 5.680037934470376637e-01
1.019369369369369505e+00 5.678458835519436532e-01
1.024024024024024149e+00 5.676873980676726550e-01
1.028678678678678793e+00 5.675283353316484813e-01
1.033333333333333437e+00 5.673686936812950554e-01
1.037987987987988081e+00 5.672084714540361894e-01
1.042642642642642725e+00 5.670476669872961395e-01
1.047297297297297369e+00 5.668862786184980518e-01
1.051951951951952013e+00 5.667243046850665156e-01
1.056606606606606880e+00 5.665617435244253430e-01
1.061261261261261524e+00 5.663985934739981243e-01
1.065915915915916168e+00 5.662348528712087825e-01
1.070570570570570812e+00 5.660705200534813519e-01
1.075225225225225456e+00 5.659055933582396447e-01
1.079879879879880100e+00 5.657400711229073620e-01
1.084534534534534744e+00 5.655739516849087600e-01
1.089189189189189388e+00 5.654072333816675400e-01
1.093843843843844033e+00 5.652399145506075140e-01
1.098498498498498677e+00 5.650719935291527163e-01
1.103153153153153321e+00 5.649034686547267370e-01
1.107807807807807965e+00 5.647343382647537213e-01
1.112462462462462609e+00 5.645646006966577035e-01
1.117117117117117253e+00 5.643942542878620516e-01
1.121771771771771897e+00 5.642232973757912440e-01
1.126426426426426541e+00 5.640517282978686486e-01
1.131081081081081186e+00 5.638795453915186329e-01
1.135735735735735830e+00 5.637067469941645648e-01
1.140390390390390474e+00 5.635333314432304785e-01
1.145045045045045118e+00 5.633592970761406304e-01
1.149699699699699984e+00 5.631846422303186106e-01
1.154354354354354628e+00 5.630093652431881202e-01
1.159009009009009272e+00 5.628334644521735264e-01
1.163663663663663916e+00 5.626569381946984194e-01
1.168318318318318561e+00 5.624797848081866114e-01
1.172972972972973205e+00 5.623020026300619145e-01
1.177627627627627849e+00 5.621235899977485850e-01
1.182282282282282493e+00 5.619445452486703241e-01
1.186936936936937137e+00 5.617648667202508328e-01
1.191591591591591781e+00 5.615845527499142564e-01
1.196246246246246425e+00 5.614036016750842961e-01
1.200900900900901069e+00 5.612220118331847640e-01
1.205555555555555713e+00 5.610397815616400274e-01
1.210210210210210358e+00 5.608569091978732324e-01
1.214864864864865002e+00 5.606733930793090792e-01
1.219519519519519646e+00 5.604892315433709360e-01
1.224174174174174290e+00 5.603044229274826149e-01
1.228828828828828934e+00 5.601189655690683722e-01
1.233483483483483578e+00 5.599328578055516870e-01
1.238138138138138444e+00 5.597460979743565934e-01
1.242792792792793088e+00 5.595586844129073478e-01
1.247447447447447733e+00 5.593706154586272072e-01
1.252102102102102377e+00 5.591818894489404279e-01
1.256756756756757021e+00 5.589925047212709330e-01
1.261411411411411665e+00 5.588024596130424237e-01
1.266066066066066309e+00 5.586117524616788232e-01
1.270720720720720953e+00 5.584203816046040547e-01
1.275375375375375597e+00 5.582283453792419303e-01
1.280030030030030241e+00 5.580356421230164843e-01
1.284684684684684886e+00 5.578422701733516398e-01
1.289339339339339530e+00 5.576482278676709869e-01
1.293993993993994174e+00 5.574535135433984490e-01
1.298648648648648818e+00 5.572581255379581711e-01
1.303303303303303462e+00 5.570620621887740764e-01
1.307957957957958106e+00 5.568653218332696442e-01
1.312612612612612750e+00 5.566679028088691306e-01
1.317267267267267394e+00 5.564698034529960147e-01
1.321921921921922038e+00 5.562710221030747748e-01
1.326576576576576683e+00 5.560715570965287791e-01
1.331231231231231549e+00 5.558714067707821727e-01
1.335885885885886193e+00 5.556705694632586567e-01
1.340540540540540837e+00 5.554690435113823765e-01
1.345195195195195481e+00 5.552668272525769222e-01
1.349849849849850125e+00 5.550639190242663279e-01
1.354504504504504769e+00 5.548603171638745168e-01
1.359159159159159413e+00 5.546560200088251902e-01
1.363813813813814058e+00 5.544510258965424931e-01
1.368468468468468702e+00 5.542453331644501269e-01
1.373123123123123346e+00 5.540389401499719035e-01
1.377777777777777990e+00 5.538318451905319684e-01
1.382432432432432634e+00 5.536240466235540225e-01
1.387087087087087278e+00 5.534155427864619892e-01
1.391741741741741922e+00 5.532063320166795695e-01
1.396396396396396566e+00 5.529964126516311307e-01
1.401051051051051211e+00 5.527857830287400409e-01
1.405705705705705855e+00 5.525744414854305564e-01
1.410360360360360499e+00 5.523623863591263783e-01
1.415015015015015143e+00 5.521496159872513187e-01
1.419669669669669787e+00 5.519361287072293010e-01
1.424324324324324653e+00 5.517219228564843592e-01
1.428978978978979297e+00 5.515069967724403055e-01
1.433633633633633941e+00 5.512913487925209521e-01
1.438288288288288586e+00 5.510749772541502223e-01
1.442942942942943230e+00 5.508578804947520391e-01
1.447597597597597874e+00 5.506400568517502148e-01
1.452252252252252518e+00 5.504215046625685615e-01
1.456906906906907162e+00 5.502022222646312244e-01
1.461561561561561806e+00 5.499822079953619047e-01
1.466216216216216450e+00 5.497614601921845257e-01
1.470870870870871094e+00 5.495399771925228993e-01
1.475525525525525739e+00 5.493177573338009489e-01
1.480180180180180383e+00 5.490947989534425977e-01
1.484834834834835027e+00 5.488711003888717688e-01
1.489489489489489671e+00 5.486466599775121633e-01
1.494144144144144315e+00 5.484214760567878155e-01
1.498798798798798959e+00 5.481955469641227596e-01
1.503453453453453603e+00 5.479688710369404747e-01
1.508108108108108247e+00 5.477414466126651060e-01
1.512762762762763113e+00 5.475132720287206878e-01
1.517417417417417758e+00 5.472843456225308101e-01
1.522072072072072402e+00 5.470546657315193961e-01
1.526726726726727046e+00 5.468242306931103691e-01
1.531381381381381690e+00 5.465930388447277632e-01
1.536036036036036334e+00 5.463610885237952797e-01
1.540690690690690978e+00 5.461283780677367306e-01
1.545345345345345622e+00 5.458949058139762611e-01
1.550000000000000266e+00 5.456606700999376836e-01
1.554654654654654911e+00 5.454256692630446990e-01
1.559309309309309555e+00 5.451899016407213416e-01
1.563963963963964199e+00 5.449533655703915347e-01
1.568618618618618843e+00 5.447160593894790903e-01
1.573273273273273487e+00 5.444779814354079317e-01
1.577927927927928131e+00 5.442391300456017600e-01
1.582582582582582775e+00 5.439995035574846094e-01
1.587237237237237419e+00 5.437591003084802921e-01
1.591891891891892064e+00 5.435179186360128423e-01
1.596546546546546708e+00 5.432759568775060721e-01
1.601201201201201352e+00 5.430332133703839048e-01
1.605855855855856218e+00 5.427896864520701525e-01
1.610510510510510862e+00 5.425453744599886274e-01
1.615165165165165506e+00 5.423002757315633637e-01
1.619819819819820150e+00 5.420543886042181736e-01
1.624474474474474794e+00 5.418077114153769802e-01
1.629129129129129439e+00 5.415602425024634847e-01
1.633783783783784083e+00 5.413119802029018324e-01
1.638438438438438727e+00 5.410629228541158353e-01
1.643093093093093371e+00 5.408130687935290837e-01
1.647747747747748015e+00 5.405624163585659447e-01
1.652402402402402659e+00 5.403109638866500086e-01
1.657057057057057303e+00 5.400587097152054206e-01
1.661711711711711947e+00 5.398056521816555486e-01
1.666366366366366591e+00 5.395517896234248711e-01
1.671021021021021236e+00 5.392971203779368672e-01
1.675675675675675880e+00 5.390416427826155710e-01
1.680330330330330524e+00 5.387853551748846836e-01
1.684984984984985168e+00 5.385282558921684615e-01
1.689639639639639812e+00 5.382703432718904946e-01
1.694294294294294456e+00 5.380116156514747061e-01
1.698948948948949322e+00 5.377520713683450193e-01
1.703603603603603966e+00 5.374917087599254684e-01
1.708258258258258611e+00 5.372305261636394214e-01
1.712912912912913255e+00 5.369685219169113566e-01
1.717567567567567899e+00 5.367056943571649752e-01
1.722222222222222543e+00 5.364420418218240894e-01
1.726876876876877187e+00 5.361775626483125112e-01
1.731531531531531831e+00 5.359122551740543861e-01
1.736186186186186475e+00 5.356461177364731929e-01
1.740840840840841119e+00 5.353791486729932991e-01
1.745495495495495764e+00 5.351113463210380727e-01
1.750150150150150408e+00 5.348427090180318810e-01
1.754804804804805052e+00 5.345732351013984252e-01
1.759459459459459696e+00 5.343029229085612952e-01
1.764114114114114340e+00 5.340317707769447475e-01
1.768768768768768984e+00 5.337597770439725942e-01
1.773423423423423628e+00 5.334869400470686474e-01
1.778078078078078272e+00 5.332132581236567193e-01
1.782732732732732917e+00 5.329387296111608441e-01
1.787387387387387783e+00 5.326633528470050560e-01
1.792042042042042427e+00 5.323871261686128342e-01
1.796696696696697071e+00 5.321100479134083239e-01
1.801351351351351715e+00 5.318321164188154482e-01
1.806006006006006359e+00 5.315533300222576862e-01
1.810660660660661003e+00 5.312736870611594053e-01
1.815315315315315647e+00 5.309931858729443066e-01
1.819969969969970292e+00 5.307118247950364243e-01
1.824624624624624936e+00 5.304296021648593484e-01
1.829279279279279580e+00 5.301465163198370023e-01
1.833933933933934224e+00 5.298625655973935311e-01
1.838588588588588868e+00 5.295777483349525250e-01
1.843243243243243512e+00 5.292920628699381291e-01
1.847897897897898156e+00 5.290055075397740447e-01
1.852552552552552800e+00 5.287180806818841949e-01
1.857207207207207444e+00 5.284297806336926140e-01
1.861861861861862089e+00 5.281406057326228920e-01
1.866516516516516733e+00 5.278505543160991742e-01
1.871171171171171377e+00 5.275596247215451617e-01
1.875825825825826021e+00 5.272678152863849999e-01
1.880480480480480887e+00 5.269751243480421676e-01
1.885135135135135531e+00 5.266815502439408103e-01
1.889789789789790175e+00 5.263870913115049621e-01
1.894444444444444819e+00 5.260917458881579911e-01
1.899099099099099464e+00 5.257955123113242646e-01
1.903753753753754108e+00 5.254983889184277057e-01
1.908408408408408752e+00 5.252003740468916826e-01
1.913063063063063396e+00 5.249014660341404515e-01
1.917717717717718040e+00 5.246016632175980465e-01
1.922372372372372684e+00 5.243009639346880579e-01
1.927027027027027328e+00 5.239993665228344089e-01
1.931681681681681972e+00 5.236968693194609115e-01
1.936336336336336617e+00 5.233934706619917110e-01
1.940990990990991261e+00 5.230891688878505086e-01
1.945645645645645905e+00 5.227839623344612274e-01
1.950300300300300549e+00 5.224778493392477907e-01
1.954954954954955193e+00 5.221708282396340106e-01
1.959609609609609837e+00 5.218628973730439213e-01
1.964264264264264481e+00 5.215540550769011130e-01
1.968918918918919125e+00 5.212442996886297308e-01
1.973573573573573992e+00 5.209336295456535870e-01
1.978228228228228636e+00 5.206220429853964937e-01
1.982882882882883280e+00 5.203095383452822631e-01
1.987537537537537924e+00 5.199961139627351514e-01
1.992192192192192568e+00 5.196817681751785267e-01
1.996846846846847212e+00 5.193664993200368674e-01
2.001501501501501856e+00 5.190503057347335414e-01
2.006156156156156278e+00 5.187331857566925830e-01
2.010810810810811144e+00 5.184151377233381375e-01
2.015465465465465567e+00 5.180961599720936839e-01
2.020120120120120433e+00 5.177762508403831454e-01
2.024774774774775299e+00 5.174554086656305563e-01
2.029429429429429721e+00 5.171336317852598397e-01
2.034084084084084587e+00 5.168109185366950298e-01
2.038738738738739009e+00 5.164872672573597168e-01
2.043393393393393875e+00 5.161626762846779348e-01
2.048048048048048297e+00 5.158371439560734961e-01
2.052702702702703164e+00 5.155106686089699908e-01
2.057357357357357586e+00 5.151832485807917861e-01
2.062012012012012452e+00 5.148548822089626942e-01
2.066666666666666874e+00 5.145255678309064162e-01
2.071321321321321740e+00 5.141953037840469865e-01
2.075975975975976162e+00 5.138640884058082170e-01
2.080630630630631028e+00 5.135319200336140311e-01
2.085285285285285450e+00 5.131987970048881298e-01
2.089939939939940317e+00 5.128647176570543254e-01
2.094594594594594739e+00 5.125296803275370960e-01
2.099249249249249605e+00 5.121936833537596989e-01
2.103903903903904027e+00 5.118567250731463902e-01
2.108558558558558893e+00 5.115188038231208711e-01
2.113213213213213759e+00 5.111799179411071758e-01
2.117867867867868181e+00 5.108400657645290055e-01
2.122522522522523047e+00 5.104992456308101723e-01
2.127177177177177470e+00 5.101574558773749324e-01
2.131831831831832336e+00 5.098146948416467650e-01
2.136486486486486758e+00 5.094709608610498153e-01
2.141141141141141624e+00 5.091262522730080065e-01
2.145795795795796046e+00 5.087805674149451507e-01
2.150450450450450912e+00 5.084339046242849491e-01
2.155105105105105334e+00 5.080862622384514360e-01
2.159759759759760200e+00 5.077376385948684234e-01
2.164414414414414622e+00 5.073880320309598346e-01
2.169069069069069489e+00 5.070374408841495928e-01
2.173723723723723911e+00 5.066858634918615101e-01
2.178378378378378777e+00 5.063332981915197317e-01
2.183033033033033199e+00 5.059797433205479589e-01
2.187687687687688065e+00 5.056251972163698927e-01
2.192342342342342487e+00 5.052696582164095673e-01
2.196996996996997353e+00 5.049131246580906840e-01
2.201651651651652219e+00 5.045555948788373879e-01
2.206306306306306642e+00 5.041970672160736022e-01
2.210960960960961508e+00 5.038375400072231391e-01
2.215615615615615930e+00 5.034770115897098108e-01
2.220270270270270796e+00 5.031154803009576515e-01
2.224924924924925218e+00 5.027529444783902512e-01
2.229579579579580084e+00 5.023894024594315333e-01
2.234234234234234506e+00 5.020248525815056428e-01
2.238888888888889372e+00 5.016592931820361700e-01
2.243543543543543795e+00 5.012927225984473711e-01
2.248198198198198661e+00 5.009251391681629473e-01
2.252852852852853083e+00 5.005565412286065996e-01
2.257507507507507949e+00 5.001869271172024733e-01
2.262162162162162371e+00 4.998162951713742697e-01
2.266816816816817237e+00 4.994446437285459117e-01
2.271471471471471659e+00 4.990719711261413227e-01
2.276126126126126525e+00 4.986982757015843148e-01
2.280780780780780947e+00 4.983235557922989223e-01
2.285435435435435814e+00 4.979478097357089572e-01
2.290090090090090236e+00 4.975710358692383428e-01
2.294744744744745102e+00 4.971932325303109468e-01
2.299399399399399968e+00 4.968143980563504147e-01
2.304054054054054390e+00 4.964345307847808364e-01
2.308708708708709256e+00 4.960536290530260795e-01
2.313363363363363678e+00 4.956716911985101226e-01
2.318018018018018545e+00 4.952887155586567780e-01
2.322672672672672967e+00 4.949047004708899133e-01
2.327327327327327833e+00 4.945196442726335073e-01
2.331981981981982255e+00 4.941335453013112611e-01
2.336636636636637121e+00 4.937464018943468202e-01
2.341291291291291543e+00 4.933582123891647742e-01
2.345945945945946409e+00 4.929689751231882688e-01
2.350600600600600831e+00 4.925786884338418936e-01
2.355255255255255697e+00 4.921873506585491831e-01
2.359909909909910120e+00 4.917949601347339494e-01
2.364564564564564986e+00 4.914015151998201714e-01
2.369219219219219408e+00 4.910070141912316610e-01
2.373873873873874274e+00 4.906114554463921196e-01
2.378528528528528696e+00 4.902148373027258588e-01
2.383183183183183562e+00 4.898171580976564687e-01
2.387837837837838428e+00 4.894184161686080947e-01
2.392492492492492850e+00 4.890186098530043823e-01
2.397147147147147717e+00 4.886177374882693658e-01
2.401801801801802139e+00 4.882157974118266908e-01
2.406456456456457005e+00 4.878127879611004469e-01
2.411111111111111427e+00 4.874087074735143910e-01
2.415765765765766293e+00 4.870035542864925016e-01
2.420420420420420715e+00 4.865973267374587019e-01
2.425075075075075581e+00 4.861900231638368597e-01
2.429729729729730003e+00 4.857816419030506205e-01
2.434384384384384870e+00 4.853721812925243517e-01
2.439039039039039292e+00 4.849616396696815324e-01
2.443693693693694158e+00 4.845500153719459191e-01
2.448348348348348580e+00 4.841373067367418792e-01
2.453003003003003446e+00 4.837235121014928918e-01
2.457657657657657868e+00 4.833086298036232131e-01
2.462312312312312734e+00 4.828926581805564888e-01
2.466966966966967156e+00 4.824755955697165866e-01
2.471621621621622023e+00 4.820574403085274295e-01
2.476276276276276889e+00 4.816381907344127189e-01
2.480930930930931311e+00 4.812178451847967664e-01
2.485585585585586177e+00 4.807964019971029956e-01
2.490240240240240599e+00 4.803738595087556629e-01
2.494894894894895465e+00 4.799502160571784692e-01
2.499549549549549887e+00 4.795254699797953379e-01
2.504204204204204753e+00 4.790996196140301366e-01
2.508858858858859175e+00 4.786726632973067330e-01
2.513513513513514042e+00 4.782445993670489948e-01
2.518168168168168464e+00 4.778154261606809006e-01
2.522822822822823330e+00 4.773851420156260961e-01
2.527477477477477752e+00 4.769537452693087820e-01
2.532132132132132618e+00 4.765212342591527150e-01
2.536786786786787040e+00 4.760876073225818184e-01
2.541441441441441906e+00 4.756528627970199041e-01
2.546096096096096328e+00 4.752169990198907845e-01
2.550750750750751195e+00 4.747800143286183827e-01
2.555405405405405617e+00 4.743419070606266219e-01
2.560060060060060483e+00 4.739026755533393698e-01
2.564714714714714905e+00 4.734623181441807160e-01
2.569369369369369771e+00 4.730208331705743063e-01
2.574024024024024637e+00 4.725782189699442304e-01
2.578678678678679059e+00 4.721344738797139673e-01
2.583333333333333925e+00 4.716895962373077178e-01
2.587987987987988348e+00 4.712435843801492386e-01
2.592642642642643214e+00 4.707964366456624528e-01
2.597297297297297636e+00 4.703481513712713391e-01
2.601951951951952502e+00 4.698987268943998208e-01
2.606606606606606924e+00 4.694481615524715434e-01
2.611261261261261790e+00 4.689964536829106523e-01
2.615915915915916212e+00 4.685436016231407375e-01
2.620570570570571078e+00 4.680896037105858887e-01
2.625225225225225500e+00 4.676344582826699181e-01
2.629879879879880367e+00 4.671781636768166379e-01
2.634534534534534789e+00 4.667207182304501378e-01
2.639189189189189655e+00 4.662621202809942300e-01
2.643843843843844077e+00 4.658023681658727266e-01
2.648498498498498943e+00 4.653414602225095509e-01
2.653153153153153365e+00 4.648793947883286259e-01
2.657807807807808231e+00 4.644161702007535975e-01
2.662462462462463098e+00 4.639517847972084441e-01
2.667117117117117520e+00 4.634862369151174222e-01
2.671771771771772386e+00 4.630195248919041218e-01
2.676426426426426808e+00 4.625516470649922995e-01
2.681081081081081674e+00 4.620826017718061562e-01
2.685735735735736096e+00 4.616123873497692820e-01
2.690390390390390962e+00 4.611410021363057110e-01
2.695045045045045384e+00 4.606684444688392555e-01
2.699699699699700250e+00 4.601947126847936720e-01
2.704354354354354673e+00 4.597198051215931613e-01
2.709009009009009539e+00 4.592437201166615912e-01
2.713663663663663961e+00 4.587664560074226072e-01
2.718318318318318827e+00 4.582880111313002436e-01
2.722972972972973249e+00 4.578083838257183125e-01
2.727627627627628115e+00 4.573275724281005150e-01
2.732282282282282537e+00 4.568455752758711075e-01
2.736936936936937403e+00 4.563623907064536800e-01
2.741591591591591826e+00 4.558780170572722668e-01
2.746246246246246692e+00 4.553924526657507910e-01
2.750900900900901558e+00 4.549056958852118471e-01
2.755555555555555980e+00 4.544177487336955035e-01
2.760210210210210846e+00 4.539286215551424086e-01
2.764864864864865268e+00 4.534383258435704667e-01
2.769519519519520134e+00 4.529468730929973597e-01
2.774174174174174556e+00 4.524542747974412693e-01
2.778828828828829423e+00 4.519605424509199887e-01
2.783483483483483845e+00 4.514656875474515330e-01
2.788138138138138711e+00 4.509697215810538062e-01
2.792792792792793133e+00 4.504726560457446571e-01
2.797447447447447999e+00 4.499745024355420453e-01
2.802102102102102421e+00 4.494752722444639859e-01
2.806756756756757287e+00 4.489749769665284385e-01
2.811411411411411709e+00 4.484736280957531407e-01
2.816066066066066576e+00 4.479712371261562187e-01
2.820720720720720998e+00 4.474678155517555767e-01
2.825375375375375864e+00 4.469633748665691186e-01
2.830030030030030286e+00 4.464579265646146378e-01
2.834684684684685152e+00 4.459514821399102047e-01
2.839339339339339574e+00 4.454440530864737791e-01
2.843993993993994440e+00 4.449356508983231540e-01
2.848648648648649306e+00 4.444262870694764000e-01
2.853303303303303728e+00 4.439159730939514770e-01
2.857957957957958595e+00 4.434047204657661778e-01
2.862612612612613017e+00 4.428925406789386288e-01
2.867267267267267883e+00 4.423794452274864009e-01
2.871921921921922305e+00 4.418654456054278423e-01
2.876576576576577171e+00 4.413505533067805797e-01
2.881231231231231593e+00 4.408347798255626837e-01
2.885885885885886459e+00 4.403181366557921139e-01
2.890540540540540881e+00 4.398006352914868300e-01
2.895195195195195748e+00 4.392822872266645140e-01
2.899849849849850170e+00 4.387631039553434031e-01
2.904504504504505036e+00 4.382430969715411795e-01
2.909159159159159458e+00 4.377222777692759137e-01
2.913813813813814324e+00 4.372006578425653989e-01
2.918468468468468746e+00 4.366782486854278722e-01
2.923123123123123612e+00 4.361550617918810713e-01
2.927777777777778034e+00 4.356311086559429002e-01
2.932432432432432901e+00 4.351064007716313187e-01
2.937087087087087767e+00 4.345809496329641752e-01
2.941741741741742189e+00 4.340547667339595961e-01
2.946396396396397055e+00 4.335278635686353188e-01
2.951051051051051477e+00 4.330002516310094141e-01
2.955705705705706343e+00 4.324719424150997860e-01
2.960360360360360765e+00 4.319429474149244497e-01
2.965015015015015631e+00 4.314132781245010317e-01
2.969669669669670053e+00 4.308829460378477139e-01
2.974324324324324920e+00 4.303519626489822336e-01
2.978978978978979342e+00 4.298203394519228837e-01
2.983633633633634208e+00 4.292880879406872352e-01
2.988288288288288630e+00 4.287552196092933587e-01
2.992942942942943496e+00 4.282217459517592695e-01
2.997597597597597918e+00 4.276876784621028160e-01
3.002252252252252784e+00 4.271530286343419025e-01
3.006906906906907206e+00 4.266178079624944330e-01
3.011561561561562073e+00 4.260820279405783673e-01
3.016216216216216495e+00 4.255457000626118869e-01
3.020870870870871361e+00 4.250088358226123408e-01
3.025525525525526227e+00 4.244714467145981329e-01
3.030180180180180649e+00 4.239335442325872783e-01
3.034834834834835515e+00 4.233951398705974589e-01
3.039489489489489937e+00 4.228562451226465790e-01
3.044144144144144803e+00 4.223168714827526538e-01
3.048798798798799226e+00 4.217770304449335872e-01
3.053453453453454092e+00 4.212367335032072835e-01
3.058108108108108514e+00 4.206959921515918688e-01
3.062762762762763380e+00 4.201548178841050252e-01
3.067417417417417802e+00 4.196132221947648788e-01
3.072072072072072668e+00 4.190712165775892228e-01
3.076726726726727090e+00 4.185288125265960169e-01
3.081381381381381956e+00 4.179860215358031650e-01
3.086036036036036379e+00 4.174428550992286824e-01
3.090690690690691245e+00 4.168993247108903621e-01
3.095345345345345667e+00 4.163554418648064415e-01
3.100000000000000533e+00 4.158112180549946024e-01
3.104654654654654955e+00 4.152666647754728602e-01
3.109309309309309821e+00 4.147217935202590078e-01
3.113963963963964243e+00 4.141766157833711715e-01
3.118618618618619109e+00 4.136311430588269777e-01
3.123273273273273976e+00 4.130853868406447194e-01
3.127927927927928398e+00 4.125393586228421339e-01
3.132582582582583264e+00 4.119930698994372920e-01
3.137237237237237686e+00 4.114465321644479867e-01
3.141891891891892552e+00 4.108997569118922888e-01
3.146546546546546974e+00 4.103527556357878803e-01
3.151201201201201840e+00 4.098055398301528318e-01
3.155855855855856262e+00 4.092581209890052141e-01
3.160510510510511129e+00 4.087105106063627091e-01
3.165165165165165551e+00 4.081627201762433876e-01
3.169819819819820417e+00 4.076147611926652647e-01
3.174474474474474839e+00 4.070666451496461891e-01
3.179129129129129705e+00 4.065183835412040647e-01
3.183783783783784127e+00 4.059699878613567403e-01
3.188438438438438993e+00 4.054214696041221755e-01
3.193093093093093415e+00 4.048728402635185519e-01
3.197747747747748281e+00 4.043241113335634962e-01
3.202402402402402704e+00 4.037752943082751900e-01
3.207057057057057570e+00 4.032264006816713153e-01
3.211711711711712436e+00 4.026774419477700540e-01
3.216366366366366858e+00 4.021284296005890879e-01
3.221021021021021724e+00 4.015793751341463769e-01
3.225675675675676146e+00 4.010302900424601025e-01
3.230330330330331012e+00 4.004811858195480023e-01
3.234984984984985434e+00 3.999320739594281471e-01
3.239639639639640301e+00 3.993829659561182188e-01
3.244294294294294723e+00 3.988338733036364547e-01
3.248948948948949589e+00 3.982848074960005369e-01
3.253603603603604011e+00 3.977357800272285360e-01
3.258258258258258877e+00 3.971868023913381340e-01
3.262912912912913299e+00 3.966378860823476238e-01
3.267567567567568165e+00 3.960890425942747983e-01
3.272222222222222587e+00 3.955402834211375618e-01
3.276876876876877454e+00 3.949916200569537628e-01
3.281531531531531876e+00 3.944430639957415274e-01
3.286186186186186742e+00 3.938946267315187044e-01
3.290840840840841164e+00 3.933463197583030868e-01
3.295495495495496030e+00 3.927981545701127453e-01
3.300150150150150896e+00 3.922501426609655284e-01
3.304804804804805318e+00 3.917022955248796179e-01
3.309459459459460184e+00 3.911546246558725848e-01
3.314114114114114606e+00 3.906071415479626663e-01
3.318768768768769473e+00 3.900598576951677110e-01
3.323423423423423895e+00 3.895127845915054010e-01
3.328078078078078761e+00 3.889659337309939180e-01
3.332732732732733183e+00 3.884193166076511661e-01
3.337387387387388049e+00 3.878729447154949939e-01
3.342042042042042471e+00 3.873268295485435275e-01
3.346696696696697337e+00 3.867809826008144491e-01
3.351351351351351759e+00 3.862354153663257739e-01
3.356006006006006626e+00 3.856901393390955723e-01
3.360660660660661048e+00 3.851451660131416932e-01
3.365315315315315914e+00 3.846005068824818185e-01
3.369969969969970336e+00 3.840561734411343520e-01
3.374624624624625202e+00 3.835121771831168647e-01
3.379279279279279624e+00 3.829685296024473162e-01
3.383933933933934490e+00 3.824252421931437773e-01
3.388588588588588912e+00 3.818823264492242076e-01
3.393243243243243779e+00 3.813397938647064556e-01
3.397897897897898645e+00 3.807976559336083144e-01
3.402552552552553067e+00 3.802559241499479104e-01
3.407207207207207933e+00 3.797146100077430919e-01
3.411861861861862355e+00 3.791737250010119298e-01
3.416516516516517221e+00 3.786332806237721615e-01
3.421171171171171643e+00 3.780932883700417468e-01
3.425825825825826509e+00 3.775537597338388673e-01
3.430480480480480932e+00 3.770147062091810386e-01
3.435135135135135798e+00 3.764761392900864423e-01
3.439789789789790220e+00 3.759380704705730936e-01
3.444444444444445086e+00 3.754005112446586745e-01
3.449099099099099508e+00 3.748634731063613112e-01
3.453753753753754374e+00 3.743269675496989080e-01
3.458408408408408796e+00 3.737910060686893687e-01
3.463063063063063662e+00 3.732556001573505977e-01
3.467717717717718084e+00 3.727207613097006100e-01
3.472372372372372951e+00 3.721865010197569767e-01
3.477027027027027373e+00 3.716528307815381571e-01
3.481681681681682239e+00 3.711197620890619442e-01
3.486336336336337105e+00 3.705873064363459646e-01
3.490990990990991527e+00 3.700554753174084555e-01
3.495645645645646393e+00 3.695242802262673210e-01
3.500300300300300815e+00 3.689937326569404097e-01
3.504954954954955682e+00 3.684638441034456258e-01
3.509609609609610104e+00 3.679346260598009288e-01
3.514264264264264970e+00 3.674060900200243340e-01
3.518918918918919392e+00 3.668782474781336900e-01
3.523573573573574258e+00 3.663511099281469008e-01
3.528228228228228680e+00 3.658246888640820371e-01
3.532882882882883546e+00 3.652989957799568921e-01
3.537537537537537968e+00 3.647740421697894253e-01
3.542192192192192834e+00 3.642498395275974299e-01
3.546846846846847257e+00 3.637263993473991985e-01
3.551501501501502123e+00 3.632037331232123578e-01
3.556156156156156545e+00 3.626818523490549784e-01
3.560810810810811411e+00 3.621607685189449644e-01
3.565465465465465833e+00 3.616404931269001644e-01
3.570120120120120699e+00 3.611210376669386490e-01
3.574774774774775565e+00 3.606024136330782115e-01
3.579429429429429987e+00 3.600846325193369224e-01
3.584084084084084854e+00 3.595677058197325193e-01
3.588738738738739276e+00 3.590516450282832395e-01
3.593393393393394142e+00 3.585364616390067649e-01
3.598048048048048564e+00 3.580221671459211108e-01
3.602702702702703430e+00 3.575087730430442368e-01
3.607357357357357852e+00 3.569962908243938804e-01
3.612012012012012718e+00 3.564847319839881679e-01
3.616666666666667140e+00 3.559741080158450033e-01
3.621321321321322007e+00 3.554644304139822908e-01
3.625975975975976429e+00 3.549557106724179900e-01
3.630630630630631295e+00 3.544479602851700606e-01
3.635285285285285717e+00 3.539411907462562956e-01
3.639939939939940583e+00 3.534354135496948213e-01
3.644594594594595005e+00 3.529306401895034306e-01
3.649249249249249871e+00 3.524268821597000279e-01
3.653903903903904293e+00 3.519241509543026836e-01
3.658558558558559159e+00 3.514224580673290799e-01
3.663213213213213582e+00 3.509218149927975650e-01
3.667867867867868448e+00 3.504222332247257099e-01
3.672522522522523314e+00 3.499237242571315298e-01
3.677177177177177736e+00 3.494262995840331509e-01
3.681831831831832602e+00 3.489299706994481443e-01
3.686486486486487024e+00 3.484347490973947470e-01
3.691141141141141890e+00 3.479406462718907522e-01
3.695795795795796312e+00 3.474476737169541751e-01
3.700450450450451179e+00 3.469558429266027533e-01
3.705105105105105601e+00 3.464651653948546683e-01
3.709759759759760467e+00 3.459756526157278245e-01
3.714414414414414889e+00 3.454873160832400147e-01
3.719069069069069755e+00 3.450001672914091988e-01
3.723723723723724177e+00 3.445142177342533918e-01
3.728378378378379043e+00 3.440294789057902758e-01
3.733033033033033465e+00 3.435459623000381990e-01
3.737687687687688332e+00 3.430636794110148990e-01
3.742342342342342754e+00 3.425826417327382245e-01
3.746996996996997620e+00 3.421028607592260240e-01
3.751651651651652042e+00 3.416243479844964792e-01
3.756306306306306908e+00 3.411471149025673832e-01
3.760960960960961774e+00 3.406711730074567512e-01
3.765615615615616196e+00 3.401965337931823763e-01
3.770270270270271062e+00 3.397232087537622736e-01
3.774924924924925485e+00 3.392512093832145137e-01
3.779579579579580351e+00 3.387805471755567788e-01
3.784234234234234773e+00 3.383112336248071395e-01
3.788888888888889639e+00 3.378432802249833888e-01
3.793543543543544061e+00 3.373766984701036531e-01
3.798198198198198927e+00 3.369114998541857808e-01
3.802852852852853349e+00 3.364476958712477317e-01
3.807507507507508215e+00 3.359852980153073543e-01
3.812162162162162637e+00 3.355243177803826637e-01
3.816816816816817504e+00 3.350647666604916197e-01
3.821471471471471926e+00 3.346066561496520153e-01
3.826126126126126792e+00 3.341499977418818657e-01
3.830780780780781214e+00 3.336948029311991304e-01
3.835435435435436080e+00 3.332410832116216581e-01
3.840090090090090502e+00 3.327888500771674640e-01
3.844744744744745368e+00 3.323381150218544522e-01
3.849399399399399790e+00 3.318888895397005268e-01
3.854054054054054657e+00 3.314411851247237029e-01
3.858708708708709523e+00 3.309950132709416626e-01
3.863363363363363945e+00 3.305503854723727541e-01
3.868018018018018811e+00 3.301073132230344931e-01
3.872672672672673233e+00 3.296658080169451166e-01
3.877327327327328099e+00 3.292258813481223623e-01
3.881981981981982521e+00 3.287875447105843563e-01
3.886636636636637387e+00 3.283508095983488362e-01
3.891291291291291810e+00 3.279156875054338172e-01
3.895945945945946676e+00 3.274821899258571478e-01
3.900600600600601098e+00 3.270503283536370098e-01
3.905255255255255964e+00 3.266201142827909187e-01
3.909909909909910386e+00 3.261915592073372228e-01
3.914564564564565252e+00 3.257646746212936595e-01
3.919219219219219674e+00 3.253394720186781330e-01
3.923873873873874540e+00 3.249159628935087141e-01
3.928528528528528962e+00 3.244941587398030847e-01
3.933183183183183829e+00 3.240740710515794265e-01
3.937837837837838251e+00 3.236557113228555882e-01
3.942492492492493117e+00 3.232390910476493628e-01
3.947147147147147983e+00 3.228242217199789321e-01
3.951801801801802405e+00 3.224111148338620891e-01
3.956456456456457271e+00 3.219997818833166825e-01
3.961111111111111693e+00 3.215902343623608939e-01
3.965765765765766560e+00 3.211824837650123499e-01
3.970420420420420982e+00 3.207765415852892321e-01
3.975075075075075848e+00 3.203724193172092782e-01
3.979729729729730270e+00 3.199701284547907254e-01
3.984384384384385136e+00 3.195696804920511447e-01
3.989039039039039558e+00 3.191710869230086622e-01
3.993693693693694424e+00 3.187743592416810712e-01
3.998348348348348846e+00 3.183795089420865532e-01
4.003003003003003712e+00 3.179865475182427348e-01
4.007657657657658135e+00 3.175954864641678532e-01
4.012312312312312557e+00 3.172063372738794795e-01
4.016966966966967867e+00 3.168191114413958509e-01
4.021621621621622289e+00 3.164338204607347604e-01
4.026276276276276711e+00 3.160504758259143343e-01
4.030930930930931133e+00 3.156690890309522546e-01
4.035585585585586443e+00 3.152896715698664809e-01
4.040240240240240865e+00 3.149122349366750284e-01
4.044894894894895288e+00 3.145367906253958568e-01
4.049549549549550598e+00 3.141633501300467590e-01
4.054204204204205020e+00 3.137919249446458614e-01
4.058858858858859442e+00 3.134225265632109014e-01
4.063513513513513864e+00 3.130551664797600053e-01
4.068168168168169174e+00 3.126898561883108552e-01
4.072822822822823596e+00 3.123266071828817436e-01
4.077477477477478018e+00 3.119654309574902418e-01
4.082132132132132440e+00 3.116063390061544203e-01
4.086786786786787751e+00 3.112493428228921832e-01
4.091441441441442173e+00 3.108944539017215458e-01
4.096096096096096595e+00 3.105416837366604677e-01
4.100750750750751017e+00 3.101910438217266863e-01
4.105405405405406327e+00 3.098425456509382725e-01
4.110060060060060749e+00 3.094962007183131858e-01
4.114714714714715171e+00 3.091520205178693304e-01
4.119369369369369593e+00 3.088100165436245548e-01
4.124024024024024904e+00 3.084702002895968187e-01
4.128678678678679326e+00 3.081325832498040262e-01
4.133333333333333748e+00 3.077971769182643591e-01
4.137987987987989058e+00 3.074639927889953328e-01
4.142642642642643480e+00 3.071330423560152956e-01
4.147297297297297902e+00 3.068043371133418740e-01
4.151951951951952324e+00 3.064778885549931386e-01
4.156606606606607635e+00 3.061537081749869937e-01
4.161261261261262057e+00 3.058318074673413989e-01
4.165915915915916479e+00 3.055121979260742582e-01
4.170570570570570901e+00 3.051948910452034203e-01
4.175225225225226211e+00 3.048798983187469558e-01
4.179879879879880633e+00 3.045672312407227689e-01
4.184534534534535055e+00 3.042569013051488191e-01
4.189189189189189477e+00 3.039489200060428442e-01
4.193843843843844788e+00 3.036432988374229147e-01
4.198498498498499210e+00 3.033400492933070458e-01
4.203153153153153632e+00 3.030391828677130861e-01
4.207807807807808054e+00 3.027407110546589397e-01
4.212462462462463364e+00 3.024446453481625108e-01
4.217117117117117786e+00 3.021509972422418144e-01
4.221771771771772208e+00 3.018597782309146993e-01
4.226426426426427518e+00 3.015709998081992360e-01
4.231081081081081940e+00 3.012846734681132177e-01
4.235735735735736363e+00 3.010008107046746595e-01
4.240390390390390785e+00 3.007194230119014655e-01
4.245045045045046095e+00 3.004405218838114289e-01
4.249699699699700517e+00 3.001641188144228423e-01
4.254354354354354939e+00 2.998902252977532767e-01
4.259009009009009361e+00 2.996188528278208585e-01
4.263663663663664671e+00 2.993500128986433251e-01
4.268318318318319093e+00 2.990837170042388027e-01
4.272972972972973515e+00 2.988199766386252509e-01
4.277627627627627938e+00 2.985588032958203519e-01
4.282282282282283248e+00 2.983002084698422873e-01
4.286936936936937670e+00 2.980442036547089057e-01
4.291591591591592092e+00 2.977908003444381668e-01
4.296246246246246514e+00 2.975400100330478637e-01
4.300900900900901824e+00 2.972918442145560669e-01
4.305555555555556246e+00 2.970463143829806807e-01
4.310210210210210668e+00 2.968034320323396091e-01
4.314864864864865979e+00 2.965632086566508119e-01
4.319519519519520401e+00 2.963256557499321930e-01
4.324174174174174823e+00 2.960907848062017678e-01
4.328828828828829245e+00 2.958586073194773292e-01
4.333483483483484555e+00 2.956291347837768924e-01
4.338138138138138977e+00 2.954023786931183615e-01
4.342792792792793399e+00 2.951783505415197517e-01
4.347447447447447821e+00 2.949570618229989116e-01
4.352102102102103132e+00 2.947385240315737454e-01
4.356756756756757554e+00 2.945227486612622125e-01
4.361411411411411976e+00 2.943097472060823283e-01
4.366066066066066398e+00 2.940995311600518858e-01
4.370720720720721708e+00 2.938921120171888446e-01
4.375375375375376130e+00 2.936875012715112754e-01
4.380030030030030552e+00 2.934857104170370268e-01
4.384684684684684974e+00 2.932867509477839474e-01
4.389339339339340285e+00 2.930906343577700524e-01
4.393993993993994707e+00 2.928973721410132458e-01
4.398648648648649129e+00 2.927069757915314874e-01
4.403303303303304439e+00 2.925194568033426812e-01
4.407957957957958861e+00 2.923348266704647314e-01
4.412612612612613283e+00 2.921530968869157641e-01
4.417267267267267705e+00 2.919742789467134614e-01
4.421921921921923015e+00 2.917983843438757274e-01
4.426576576576577438e+00 2.916254245724207439e-01
4.431231231231231860e+00 2.914554111263662484e-01
4.435885885885886282e+00 2.912883554997303115e-01
4.440540540540541592e+00 2.911242691865307264e-01
4.445195195195196014e+00 2.909631636807855082e-01
4.449849849849850436e+00 2.908050504765125610e-01
4.454504504504504858e+00 2.906499410677299000e-01
4.459159159159160168e+00 2.904978469484552073e-01
4.463813813813814591e+00 2.903487796127067200e-01
4.468468468468469013e+00 2.902027505545021757e-01
4.473123123123123435e+00 2.900597712678596451e-01
4.477777777777778745e+00 2.899198532467969769e-01
4.482432432432433167e+00 2.897830079853320195e-01
4.487087087087087589e+00 2.896492469774828438e-01
4.491741741741742899e+00 2.895185817172672982e-01
4.496396396396397321e+00 2.893910236987033979e-01
4.501051051051051743e+00 2.892665844158089916e-01
4.505705705705706166e+00 2.891452753626020389e-01
4.510360360360361476e+00 2.890271080331004994e-01
4.515015015015015898e+00 2.889120939213223327e-01
4.519669669669670320e+00 2.888002445212853320e-01
4.524324324324324742e+00 2.886915713270075678e-01
4.528978978978980052e+00 2.885860858325067779e-01
4.533633633633634474e+00 2.884837995318011439e-01
4.538288288288288896e+00 2.883847239189085143e-01
4.542942942942943318e+00 2.882888704878467934e-01
4.547597597597598629e+00 2.881962507326338851e-01
4.552252252252253051e+00 2.881068761472877493e-01
4.556906906906907473e+00 2.880207582258262344e-01
4.561561561561561895e+00 2.879379084622675222e-01
4.566216216216217205e+00 2.878583383506292948e-01
4.570870870870871627e+00 2.877820593849295117e-01
4.575525525525526049e+00 2.877090830591862436e-01
4.580180180180180471e+00 2.876394208674173392e-01
4.584834834834835782e+00 2.875730843036405915e-01
4.589489489489490204e+00 2.875100848618741822e-01
4.594144144144144626e+00 2.874504340361359600e-01
4.598798798798799936e+00 2.873941433204438289e-01
4.603453453453454358e+00 2.873412242088155821e-01
4.608108108108108780e+00 2.872916881952694568e-01
4.612762762762763202e+00 2.872455467738230794e-01
4.617417417417418513e+00 2.872028114384945763e-01
4.622072072072072935e+00 2.871634936833018514e-01
4.626726726726727357e+00 2.871276050022627535e-01
4.631381381381381779e+00 2.870951568893951866e-01
4.636036036036037089e+00 2.870661608387172770e-01
4.640690690690691511e+00 2.870406283442468176e-01
4.645345345345345933e+00 2.870185709000017127e-01
4.650000000000000355e+00 2.869999999999999774e-01
