# Duration	Amplitude
0.000000000000000000e+00 0.000000000000000000e+00
1.001001001001000992e-03 6.285329004448193813e-02
2.002002002002001985e-03 1.254580301802960263e-01
3.003003003003002977e-03 1.875666533758371390e-01
4.004004004004003969e-03 2.489335544668916100e-01
5.005005005005004962e-03 3.093160613888689126e-01
6.006006006006005954e-03 3.684753948102498788e-01
7.007007007007006946e-03 4.261776123724352883e-01
8.008008008008007939e-03 4.821945338020476868e-01
9.009009009009008931e-03 5.363046432373823613e-01
1.001001001001000992e-02 5.882939652008051246e-01
1.101101101101101092e-02 6.379569107531118943e-01
1.201201201201201191e-02 6.850970904837808684e-01
1.301301301301301290e-02 7.295280911221884157e-01
1.401401401401401389e-02 7.710742126987246703e-01
1.501501501501501488e-02 8.095711633407439711e-01
1.601601601601601588e-02 8.448667089558177246e-01
1.701701701701701513e-02 8.768212752331534521e-01
1.801801801801801786e-02 9.053084995825966264e-01
1.901901901901902059e-02 9.302157308286042037e-01
2.002002002002001985e-02 9.514444746831767219e-01
2.102102102102101910e-02 9.689107832361495420e-01
2.202202202202202183e-02 9.825455869226277228e-01
2.302302302302302456e-02 9.922949676548137310e-01
2.402402402402402382e-02 9.981203720381462974e-01
2.502502502502502307e-02 9.999987638285974256e-01
2.602602602602602580e-02 9.979227150282432568e-01
2.702702702702702853e-02 9.919004352588768336e-01
2.802802802802802778e-02 9.819557392975066801e-01
2.902902902902902704e-02 9.681279529021188379e-01
3.003003003003002977e-02 9.504717573001115749e-01
3.103103103103103250e-02 9.290569729543627364e-01
3.203203203203203175e-02 9.039682834620161866e-01
3.303303303303303101e-02 8.753049006778130803e-01
3.403403403403403027e-02 8.431801723862226705e-01
3.503503503503503647e-02 8.077211340738067458e-01
3.603603603603603572e-02 7.690680065743169536e-01
3.703703703703703498e-02 7.273736415730488458e-01
3.803803803803804118e-02 6.828029171631890826e-01
3.903903903903904044e-02 6.355320858443841425e-01
4.004004004004003969e-02 5.857480775418393293e-01
4.104104104104103895e-02 5.336477604021225840e-01
4.204204204204203821e-02 4.794371622888099482e-01
4.304304304304304440e-02 4.233306560565345267e-01
4.404404404404404366e-02 3.655501118252190151e-01
4.504504504504504292e-02 3.063240196067837928e-01
4.604604604604604912e-02 2.458865857538501121e-01
4.704704704704704837e-02 1.844768068034925435e-01
4.804804804804804763e-02 1.223375243784573102e-01
4.904904904904904689e-02 5.971446488321034002e-02
5.005005005005004615e-02 -3.144732207735998451e-03
5.105105105105105234e-02 -6.599149362662067031e-02
5.205205205205205160e-02 -1.285772952818684811e-01
5.305305305305305086e-02 -1.906546450330644515e-01
5.405405405405405705e-02 -2.519780613851251849e-01
5.505505505505505631e-02 -3.123050442314895259e-01
5.605605605605605557e-02 -3.713970338075678890e-01
5.705705705705705483e-02 -4.290203540623263034e-01
5.805805805805805409e-02 -4.849471367174872927e-01
5.905905905905906028e-02 -5.389562223602164526e-01
6.006006006006005954e-02 -5.908340350059577695e-01
6.106106106106105880e-02 -6.403754266730258271e-01
6.206206206206206499e-02 -6.873844886291101686e-01
6.306306306306305731e-02 -7.316753261016779586e-01
6.406406406406406351e-02 -7.730727933887174830e-01
6.506506506506506970e-02 -8.114131864628658652e-01
6.606606606606606202e-02 -8.465448903300604178e-01
6.706706706706706822e-02 -8.783289785827688156e-01
6.806806806806806054e-02 -9.066397627768889578e-01
6.906906906906906674e-02 -9.313652894598539733e-01
7.007007007007007293e-02 -9.524077828844514926e-01
7.107107107107106525e-02 -9.696840316576875729e-01
7.207207207207207145e-02 -9.831257177957041238e-01
7.307307307307307764e-02 -9.926796868835202625e-01
7.407407407407406996e-02 -9.983081582712681756e-01
7.507507507507507616e-02 -9.999888744757140513e-01
7.607607607607608236e-02 -9.977151891962614538e-01
7.707707707707707467e-02 -9.914960935973848866e-01
7.807807807807808087e-02 -9.813561807535594594e-01
7.907907907907907319e-02 -9.673355483972903013e-01
8.008008008008007939e-02 -9.494896403548133135e-01
8.108108108108108558e-02 -9.278890272965094610e-01
8.208208208208207790e-02 -9.026191276690342935e-01
8.308308308308308410e-02 -8.737798699127286017e-01
8.408408408408407642e-02 -8.414852973000503944e-01
8.508508508508508261e-02 -8.058631169576695452e-01
8.608608608608608881e-02 -7.670541948555988920e-01
8.708708708708708113e-02 -7.252119987603977691e-01
8.808808808808808732e-02 -6.805019913552524669e-01
8.908908908908909352e-02 -6.331009759268209081e-01
9.009009009009008584e-02 -5.831963972062739199e-01
9.109109109109109204e-02 -5.309856001293205008e-01
9.209209209209209823e-02 -4.766750494464271348e-01
9.309309309309309055e-02 -4.204795132692143445e-01
9.409409409409409675e-02 -3.626212137816672842e-01
9.509509509509508907e-02 -3.033289484746273246e-01
9.609609609609609526e-02 -2.428371853785873391e-01
9.709709709709710146e-02 -1.813851358726507601e-01
9.809809809809809378e-02 -1.192158087361742530e-01
9.909909909909909997e-02 -5.657504918379272635e-02
1.001001001001000923e-01 6.289433316067026374e-03
1.011011011011010985e-01 6.912904459478434738e-02
1.021021021021021047e-01 1.316952888356239526e-01
1.031031031031030970e-01 1.937407512368967688e-01
1.041041041041041032e-01 2.550200764003101028e-01
1.051051051051051094e-01 3.152909385755026106e-01
1.061061061061061017e-01 3.743149999240187320e-01
1.071071071071071079e-01 4.318588530132969061e-01
1.081081081081081141e-01 4.876949438136345405e-01
1.091091091091091064e-01 5.416024715481897456e-01
1.101101101101101126e-01 5.933682618376204809e-01
1.111111111111111049e-01 6.427876096865384747e-01
1.121121121121121111e-01 6.896650889782615090e-01
1.131131131131131173e-01 7.338153252767277701e-01
1.141141141141141097e-01 7.750637288796013991e-01
1.151151151151151159e-01 8.132471852237330712e-01
1.161161161161161082e-01 8.482146999128017395e-01
1.171171171171171144e-01 8.798279958164291203e-01
1.181181181181181206e-01 9.079620598795461461e-01
1.191191191191191129e-01 9.325056374797072722e-01
1.201201201201201191e-01 9.533616723774290813e-01
1.211211211211211253e-01 9.704476905197969572e-01
1.221221221221221176e-01 9.836961261796099976e-01
1.231231231231231238e-01 9.930545891403677050e-01
1.241241241241241300e-01 9.984860718705224070e-01
1.251251251251251362e-01 9.999690958677468489e-01
1.261261261261261146e-01 9.974977965944997749e-01
1.271271271271271208e-01 9.910819466690197199e-01
1.281281281281281270e-01 9.807469172200398155e-01
1.291291291291291332e-01 9.665335775580414790e-01
1.301301301301301394e-01 9.484981335597951757e-01
1.311311311311311179e-01 9.267119054052853633e-01
1.321321321321321240e-01 9.012610455459448833e-01
1.331331331331331302e-01 8.722461980194862186e-01
1.341341341341341364e-01 8.397821004585394045e-01
1.351351351351351426e-01 8.039971303669409819e-01
1.361361361361361211e-01 7.650327974578912116e-01
1.371371371371371273e-01 7.230431840615102468e-01
1.381381381381381335e-01 6.781943358146669265e-01
1.391391391391391397e-01 6.306636050425574735e-01
1.401401401401401459e-01 5.806389494286053887e-01
1.411411411411411521e-01 5.283181887460507431e-01
1.421421421421421305e-01 4.739082225904435730e-01
1.431431431431431367e-01 4.176242122064668938e-01
1.441441441441441429e-01 3.596887296445367976e-01
1.451451451451451491e-01 3.003308776117510903e-01
1.461461461461461553e-01 2.397853834977360932e-01
1.471471471471471337e-01 1.782916711579772828e-01
1.481481481481481399e-01 1.160929141252310531e-01
1.491491491491491461e-01 5.343507399305771205e-02
1.501501501501501523e-01 -9.434072225897000702e-03
1.511511511511511585e-01 -7.226591192058777480e-02
1.521521521521521647e-01 -1.348119800065837592e-01
1.531531531531531432e-01 -1.968249414677037401e-01
1.541541541541541493e-01 -2.580595694288491115e-01
1.551551551551551555e-01 -3.182737148923079351e-01
1.561561561561561617e-01 -3.772292643027698178e-01
1.571571571571571679e-01 -4.346930811543960327e-01
1.581581581581581464e-01 -4.904379279164198246e-01
1.591591591591591526e-01 -5.442433646315787410e-01
1.601601601601601588e-01 -5.958966206338979221e-01
1.611611611611611650e-01 -6.451934359386926054e-01
1.621621621621621712e-01 -6.919388689775458623e-01
1.631631631631631496e-01 -7.359480674841022418e-01
1.641641641641641558e-01 -7.770469994822877258e-01
1.651651651651651620e-01 -8.150731414862618651e-01
1.661661661661661682e-01 -8.498761211906863400e-01
1.671671671671671744e-01 -8.813183121098072670e-01
1.681681681681681528e-01 -9.092753778138881193e-01
1.691691691691691590e-01 -9.336367636108461321e-01
1.701701701701701652e-01 -9.543061337287483958e-01
1.711711711711711714e-01 -9.712017522703760841e-01
1.721721721721721776e-01 -9.842568064333685474e-01
1.731731731731731838e-01 -9.934196707178106767e-01
1.741741741741741623e-01 -9.986541110764564078e-01
1.751751751751751685e-01 -9.999394282002936896e-01
1.761761761761761746e-01 -9.972705393728327206e-01
1.771771771771771808e-01 -9.906579985694317081e-01
1.781781781781781870e-01 -9.801279547221763977e-01
1.791791791791791655e-01 -9.657220483153551305e-01
1.801801801801801717e-01 -9.474972467204302307e-01
1.811811811811811779e-01 -9.255256189216782836e-01
1.821821821821821841e-01 -8.998940505233183895e-01
1.831831831831831903e-01 -8.707039001651274424e-01
1.841841841841841965e-01 -8.380705987052261552e-01
1.851851851851851749e-01 -8.021231927550441787e-01
1.861861861861861811e-01 -7.630038343715273008e-01
1.871871871871871873e-01 -7.208672189245859396e-01
1.881881881881881935e-01 -6.758799733626796868e-01
1.891891891891891997e-01 -6.282199972956424849e-01
1.901901901901901781e-01 -5.780757595003719329e-01
1.911911911911911843e-01 -5.256455526313215110e-01
1.921921921921921905e-01 -4.711367090830181903e-01
1.931931931931931967e-01 -4.147647811054068767e-01
1.941941941941942029e-01 -3.567526884142311339e-01
1.951951951951951814e-01 -2.973298366671728865e-01
1.961961961961961876e-01 -2.367312102916815097e-01
1.971971971971971938e-01 -1.751964432518702264e-01
1.981981981981981999e-01 -1.129688714290735807e-01
1.991991991991992061e-01 -5.029457036336639625e-02
2.002002002002001846e-01 1.257861783873961102e-02
2.012012012012011908e-01 7.540206458240068799e-02
2.022022022022021970e-01 1.379273379726532189e-01
2.032032032032032032e-01 1.999071852248047454e-01
2.042042042042042094e-01 2.610965104120889224e-01
2.052052052052052156e-01 3.212533436841432111e-01
2.062062062062061940e-01 3.801397981235950518e-01
2.072072072072072002e-01 4.375230104569031719e-01
2.082082082082082064e-01 4.931760618994737722e-01
2.092092092092092126e-01 5.468788754936272367e-01
2.102102102102102188e-01 5.984190863909271130e-01
2.112112112112111972e-01 6.475928816373933694e-01
2.122122122122122034e-01 6.942058061407223590e-01
2.132132132132132096e-01 7.380735316323379092e-01
2.142142142142142158e-01 7.790225855834904678e-01
2.152152152152152220e-01 8.168910371929051228e-01
2.162162162162162282e-01 8.515291377333112921e-01
2.172172172172172067e-01 8.827999127246189959e-01
2.182182182182182129e-01 9.105797035920353277e-01
2.192192192192192191e-01 9.347586566671509667e-01
2.202202202202202252e-01 9.552411575982869829e-01
2.212212212212212314e-01 9.719462094522338669e-01
2.222222222222222099e-01 9.848077530122076872e-01
2.232232232232232161e-01 9.937749280054239964e-01
2.242242242242242223e-01 9.988122742272691479e-01
2.252252252252252285e-01 9.998998717667488823e-01
2.262262262262262347e-01 9.970334197786901997e-01
2.272272272272272131e-01 9.902242534911986915e-01
2.282282282282282193e-01 9.794992993811165727e-01
2.292292292292292255e-01 9.649009686947390696e-01
2.302302302302302317e-01 9.464869897348523464e-01
2.312312312312312379e-01 9.243301795773086749e-01
2.322322322322322163e-01 8.985181561198681832e-01
2.332332332332332225e-01 8.691529916019996582e-01
2.342342342342342287e-01 8.363508089657767375e-01
2.352352352352352349e-01 8.002413226540323610e-01
2.362362362362362411e-01 7.609673256616675818e-01
2.372372372372372473e-01 7.186841248685379435e-01
2.382382382382382258e-01 6.735589268868663604e-01
2.392392392392392320e-01 6.257701768518073582e-01
2.402402402402402382e-01 5.755068527698911085e-01
2.412412412412412444e-01 5.229677182158032345e-01
2.422422422422422505e-01 4.683605363326608373e-01
2.432432432432432290e-01 4.119012482439941003e-01
2.442442442442442352e-01 3.538131191263396702e-01
2.452452452452452414e-01 2.943258553192822369e-01
2.462462462462462476e-01 2.336746959642523880e-01
2.472472472472472538e-01 1.720994827641684488e-01
2.482482482482482600e-01 1.098437115425006799e-01
2.492492492492492384e-01 4.715356935230757135e-02
2.502502502502502724e-01 -1.572303905704140747e-02
2.512512512512512508e-01 -7.853747156566878718e-02
2.522522522522522292e-01 -1.410413319249172737e-01
2.532532532532532632e-01 -2.029874520267615501e-01
2.542542542542542416e-01 -2.641308693166053434e-01
2.552552552552552756e-01 -3.242297954843721963e-01
2.562562562562562540e-01 -3.830465726031661022e-01
2.572572572572572325e-01 -4.403486129346182443e-01
2.582582582582582664e-01 -4.959093186843889223e-01
2.592592592592592449e-01 -5.495089780708058980e-01
2.602602602602602788e-01 -6.009356341631232334e-01
2.612612612612612573e-01 -6.499859230536446653e-01
2.622622622622622357e-01 -6.964658780492202217e-01
2.632632632632632697e-01 -7.401916967019425142e-01
2.642642642642642481e-01 -7.809904676459168416e-01
2.652652652652652820e-01 -8.187008543658278459e-01
2.662662662662662605e-01 -8.531737331933928470e-01
2.672672672672672389e-01 -8.842727830087764307e-01
2.682682682682682729e-01 -9.118750243150341994e-01
2.692692692692692513e-01 -9.358713055538113723e-01
2.702702702702702853e-01 -9.561667347392505123e-01
2.712712712712712637e-01 -9.726810547031599086e-01
2.722722722722722422e-01 -9.853489604676158864e-01
2.732732732732732761e-01 -9.941203574899393214e-01
2.742742742742742545e-01 -9.989605597588272490e-01
2.752752752752752885e-01 -9.998504269583003978e-01
2.762762762762762669e-01 -9.967864401570344368e-01
2.772772772772773009e-01 -9.897807157237831222e-01
2.782782782782782793e-01 -9.788609574138615876e-01
2.792792792792792578e-01 -9.640703468161516687e-01
2.802802802802802917e-01 -9.454673725938632645e-01
2.812812812812812702e-01 -9.231255991943133621e-01
2.822822822822823041e-01 -8.971333759423134602e-01
2.832832832832832826e-01 -8.675934876676020258e-01
2.842842842842842610e-01 -8.346227482478179027e-01
2.852852852852852950e-01 -7.983515386744061137e-01
2.862862862862862734e-01 -7.589232914680887898e-01
2.872872872872873073e-01 -7.164939234827827352e-01
2.882882882882882858e-01 -6.712312193409044614e-01
2.892892892892892642e-01 -6.233141679382181444e-01
2.902902902902902982e-01 -5.729322546420210216e-01
2.912912912912912766e-01 -5.202847119815795507e-01
2.922922922922923106e-01 -4.655797317939573410e-01
2.932932932932932890e-01 -4.090336419407456514e-01
2.942942942942942675e-01 -3.508700508513330485e-01
2.952952952952953014e-01 -2.913189632755459058e-01
2.962962962962962798e-01 -2.306158707424417753e-01
2.972972972972973138e-01 -1.690008203218501814e-01
2.982982982982982922e-01 -1.067174653713594823e-01
2.992992992992992707e-01 -4.401210202238525770e-02
3.003003003003003046e-01 1.886730478446758258e-02
3.013013013013012831e-01 8.167210186320413012e-02
3.023023023023023170e-01 1.441539310679598451e-01
3.033033033033032955e-01 2.060657114116911381e-01
3.043043043043043294e-01 2.671626161345204142e-01
3.053053053053053079e-01 3.272030408577712990e-01
3.063063063063062863e-01 3.859495589953255701e-01
3.073073073073073203e-01 4.431698606441267230e-01
3.083083083083082987e-01 4.986376712409894552e-01
3.093093093093093326e-01 5.521336463530717165e-01
3.103103103103103111e-01 6.034462390634252049e-01
3.113113113113112895e-01 6.523725365217903915e-01
3.123123123123123235e-01 6.987190623523672484e-01
3.133133133133133019e-01 7.423025417456071695e-01
3.143143143143143359e-01 7.829506262084636736e-01
3.153153153153153143e-01 8.205025751070862405e-01
3.163163163163162928e-01 8.548098913069250848e-01
3.173173173173173267e-01 8.857369083965288548e-01
3.183183183183183051e-01 9.131613271729830394e-01
3.193193193193193391e-01 9.369746992674380381e-01
3.203203203203203175e-01 9.570828559982709205e-01
3.213213213213212960e-01 9.734062807560021069e-01
3.223223223223223299e-01 9.858804234473954597e-01
3.233233233233233084e-01 9.944559557552774542e-01
3.243243243243243423e-01 9.990989662046814157e-01
3.253253253253253208e-01 9.997910942639262055e-01
3.263263263263262992e-01 9.965296029503369901e-01
3.273273273273273332e-01 9.893273896534934275e-01
3.283283283283283116e-01 9.782129351332089495e-01
3.293293293293293456e-01 9.632301908939121526e-01
3.303303303303303240e-01 9.444384053808292379e-01
3.313313313313313024e-01 9.219118896852267486e-01
3.323323323323323364e-01 8.957397236852554512e-01
3.333333333333333148e-01 8.660254037844402619e-01
3.343343343343343488e-01 8.328864336407729718e-01
3.353353353353353272e-01 7.964538595049303060e-01
3.363363363363363057e-01 7.568717520049927927e-01
3.373373373373373396e-01 7.142966364270216806e-01
3.383383383383383181e-01 6.688968737443399259e-01
3.393393393393393520e-01 6.208519948432436042e-01
3.403403403403403304e-01 5.703519905779038668e-01
3.413413413413413644e-01 5.175965604618775195e-01
3.423423423423423428e-01 4.627943229673007197e-01
3.433433433433433213e-01 4.061619905544737175e-01
3.443443443443443552e-01 3.479235126942846756e-01
3.453453453453453337e-01 2.883091902722221267e-01
3.463463463463463676e-01 2.275547648760821717e-01
3.473473473473473461e-01 1.659004865687126185e-01
3.483483483483483245e-01 1.035901638322415663e-01
3.493493493493493585e-01 4.087019944071331595e-02
3.503503503503503369e-01 -2.201138392622636192e-02
3.513513513513513709e-01 -8.480592447550852619e-02
3.523523523523523493e-01 -1.472651046201410296e-01
3.533533533533533277e-01 -2.091419329375642788e-01
3.543543543543543617e-01 -2.701917208837830153e-01
3.553553553553553401e-01 -3.301730504008347777e-01
3.563563563563563741e-01 -3.888487285913893587e-01
3.573573573573573525e-01 -4.459867256850750805e-01
3.583583583583583310e-01 -5.013610925876024194e-01
3.593593593593593649e-01 -5.547528543841171444e-01
3.603603603603603434e-01 -6.059508762635458234e-01
3.613613613613613773e-01 -6.547526984397358252e-01
3.623623623623623557e-01 -7.009653367675960922e-01
3.633633633633633342e-01 -7.444060458884180775e-01
3.643643643643643681e-01 -7.849030418864039182e-01
3.653653653653653466e-01 -8.222961815988072409e-01
3.663663663663663805e-01 -8.564375958933460042e-01
3.673673673673673590e-01 -8.871922744086027102e-01
3.683683683683683929e-01 -9.144385994451662558e-01
3.693693693693693714e-01 -9.380688268961652199e-01
3.703703703703703498e-01 -9.579895123154885672e-01
3.713713713713713838e-01 -9.741218804387361541e-01
3.723723723723723622e-01 -9.864021366957145265e-01
3.733733733733733962e-01 -9.947817194825853138e-01
3.743743743743743746e-01 -9.992274921960793144e-01
3.753753753753753530e-01 -9.997218742703887218e-01
3.763763763763763870e-01 -9.962629106985545491e-01
3.773773773773773654e-01 -9.888642797634358272e-01
3.783783783783783994e-01 -9.775552389476862558e-01
3.793793793793793778e-01 -9.623805092366334302e-01
3.803803803803803563e-01 -9.434000982715822214e-01
3.813813813813813902e-01 -9.206890630528626884e-01
3.823823823823823687e-01 -8.943372131310280970e-01
3.833833833833834026e-01 -8.644487554598656587e-01
3.843843843843843811e-01 -8.311418823156940805e-01
3.853853853853853595e-01 -7.945483039124460189e-01
3.863863863863863934e-01 -7.548127275607986464e-01
3.873873873873873719e-01 -7.120922854310274275e-01
3.883883883883884058e-01 -6.665559131823710626e-01
3.893893893893893843e-01 -6.183836819162167320e-01
3.903903903903903627e-01 -5.677660860947087995e-01
3.913913913913913967e-01 -5.149032902408131607e-01
3.923923923923923751e-01 -4.600043373986142381e-01
3.933933933933934091e-01 -4.032863224839808303e-01
3.943943943943943875e-01 -3.449735337945928904e-01
3.953953953953953659e-01 -2.852965660740517384e-01
3.963963963963963999e-01 -2.244914086375740525e-01
3.973973973973973783e-01 -1.627985121650952771e-01
3.983983983983984123e-01 -1.004618378521683619e-01
3.993993993993993907e-01 -3.772789267871706070e-02
4.004004004004003692e-01 2.515524538937295371e-02
4.014014014014014031e-01 8.793890841105890532e-02
4.024024024024023816e-01 1.503748218139349113e-01
4.034034034034034155e-01 2.122160861825066469e-01
4.044044044044043940e-01 2.732181536084651308e-01
4.054054054054054279e-01 3.331397947420573491e-01
4.064064064064064064e-01 3.917440527203976397e-01
4.074074074074073848e-01 4.487991802004597242e-01
4.084084084084084187e-01 5.040795557913257952e-01
4.094094094094093972e-01 5.573665762616407671e-01
4.104104104104104311e-01 6.084495209942162308e-01
4.114114114114114096e-01 6.571263852691880958e-01
4.124124124124123880e-01 7.032046790806814052e-01
4.134134134134134220e-01 7.465021883280523740e-01
4.144144144144144004e-01 7.868476953715884958e-01
4.154154154154154344e-01 8.240816561033652565e-01
4.164164164164164128e-01 8.580568308556867363e-01
4.174174174174173912e-01 8.886388666523554747e-01
4.184184184184184252e-01 9.157068285001689345e-01
4.194194194194194036e-01 9.391536776197666470e-01
4.204204204204204376e-01 9.588866947246499350e-01
4.214214214214214160e-01 9.748278466745337045e-01
4.224224224224223945e-01 9.869140950531597456e-01
4.234234234234234284e-01 9.950976454502659108e-01
4.244244244244244069e-01 9.993461364619808940e-01
4.254254254254254408e-01 9.996427676622299252e-01
4.264264264264264193e-01 9.959863660391046203e-01
4.274274274274273977e-01 9.883913906334732546e-01
4.284284284284284317e-01 9.768878753614930188e-01
4.294294294294294101e-01 9.615213102471259488e-01
4.304304304304304440e-01 9.423524615343189526e-01
4.314314314314314225e-01 9.194571313902055731e-01
4.324324324324324564e-01 8.929258581495684854e-01
4.334334334334334349e-01 8.628635582859308650e-01
4.344344344344344133e-01 8.293891115250840995e-01
4.354354354354354473e-01 7.926348907416859157e-01
4.364364364364364257e-01 7.527462384979557442e-01
4.374374374374374597e-01 7.098808922944291888e-01
4.384384384384384381e-01 6.642083608056142952e-01
4.394394394394394165e-01 6.159092535671822910e-01
4.404404404404404505e-01 5.651745667653922389e-01
4.414414414414414289e-01 5.122049279531162291e-01
4.424424424424424629e-01 4.572098026790775149e-01
4.434434434434434413e-01 4.004066661678050143e-01
4.444444444444444198e-01 3.420201433256727097e-01
4.454454454454454537e-01 2.822811204739718582e-01
4.464464464464464322e-01 2.214258323215622382e-01
4.474474474474474661e-01 1.596949277875485407e-01
4.484484484484484446e-01 9.733251836830472681e-02
4.494494494494494230e-01 3.458521281181888701e-02
4.504504504504504570e-01 -2.829885808311705456e-02
4.514514514514514354e-01 -9.107102268664031552e-02
4.524524524524524693e-01 -1.534830518962163048e-01
4.534534534534534478e-01 -2.152881407450873974e-01
4.544544544544544262e-01 -2.762418843790720446e-01
4.554554554554554602e-01 -3.361032445422142412e-01
4.564564564564564386e-01 -3.946355027494395373e-01
4.574574574574574726e-01 -4.516071963768942821e-01
4.584584584584584510e-01 -5.067930339682722440e-01
4.594594594594594295e-01 -5.599747861375926616e-01
4.604604604604604634e-01 -6.109421485454235023e-01
4.614614614614614418e-01 -6.594935735358942175e-01
4.624624624624624758e-01 -7.054370671459518904e-01
4.634634634634634542e-01 -7.485909483349898474e-01
4.644644644644644327e-01 -7.887845674326288137e-01
4.654654654654654666e-01 -8.258589809635430434e-01
4.664664664664664451e-01 -8.596675801807436290e-01
4.674674674674674790e-01 -8.900766708219063350e-01
4.684684684684684575e-01 -9.169660017960125087e-01
4.694694694694694914e-01 -9.402292407097584404e-01
4.704704704704704699e-01 -9.597743943531887867e-01
4.714714714714714483e-01 -9.755241724818377591e-01
4.724724724724724823e-01 -9.874162934567889405e-01
4.734734734734734607e-01 -9.954037305340123210e-01
4.744744744744744946e-01 -9.994548978290693775e-01
4.754754754754754731e-01 -9.995537752217639182e-01
4.764764764764764515e-01 -9.956999717068377720e-01
4.774774774774774855e-01 -9.879087269401781723e-01
4.784784784784784639e-01 -9.762108509744303886e-01
4.794794794794794979e-01 -9.606526024223209781e-01
4.804804804804804763e-01 -9.412955055295041396e-01
4.814814814814814548e-01 -9.182161068802748849e-01
4.824824824824824887e-01 -8.915056726982846236e-01
4.834834834834834671e-01 -8.612698279392313472e-01
4.844844844844845011e-01 -8.276281386027315445e-01
4.854854854854854795e-01 -7.907136389150938305e-01
4.864864864864864580e-01 -7.506723052527264350e-01
4.874874874874874919e-01 -7.076624788865062410e-01
4.884884884884884704e-01 -6.618542398298695728e-01
4.894894894894895043e-01 -6.134287342666630005e-01
4.904904904904904828e-01 -5.625774582184378536e-01
4.914914914914914612e-01 -5.095015002838766405e-01
4.924924924924924952e-01 -4.544107464448773337e-01
4.934934934934934736e-01 -3.975230500839156411e-01
4.944944944944945076e-01 -3.390633704946741656e-01
4.954954954954954860e-01 -2.792628832928318316e-01
4.964964964964965199e-01 -2.183580662446467369e-01
4.974974974974974984e-01 -1.565897641285584618e-01
4.984984984984984768e-01 -9.420223632763004284e-02
4.994994994994995108e-01 -3.144219091912031638e-02
5.005005005005005447e-01 3.144219091912141967e-02
5.015015015015015232e-01 9.420223632762760035e-02
5.025025025025025016e-01 1.565897641285560471e-01
5.035035035035034801e-01 2.183580662446443499e-01
5.045045045045044585e-01 2.792628832928261140e-01
5.055055055055055480e-01 3.390633704946751648e-01
5.065065065065065264e-01 3.975230500839134207e-01
5.075075075075075048e-01 4.544107464448751688e-01
5.085085085085084833e-01 5.095015002838714224e-01
5.095095095095094617e-01 5.625774582184358552e-01
5.105105105105105512e-01 6.134287342666638887e-01
5.115115115115115296e-01 6.618542398298676854e-01
5.125125125125125081e-01 7.076624788865020221e-01
5.135135135135134865e-01 7.506723052527201068e-01
5.145145145145144649e-01 7.907136389150922762e-01
5.155155155155155544e-01 8.276281386027322107e-01
5.165165165165165329e-01 8.612698279392301259e-01
5.175175175175175113e-01 8.915056726982819590e-01
5.185185185185184897e-01 9.182161068802738857e-01
5.195195195195194682e-01 9.412955055295021412e-01
5.205205205205205576e-01 9.606526024223213112e-01
5.215215215215215361e-01 9.762108509744290563e-01
5.225225225225225145e-01 9.879087269401772842e-01
5.235235235235234930e-01 9.956999717068375499e-01
5.245245245245244714e-01 9.995537752217636962e-01
5.255255255255255609e-01 9.994548978290692665e-01
5.265265265265265393e-01 9.954037305340128761e-01
5.275275275275275177e-01 9.874162934567887184e-01
5.285285285285284962e-01 9.755241724818390914e-01
5.295295295295294746e-01 9.597743943531904520e-01
5.305305305305305641e-01 9.402292407097592175e-01
5.315315315315315425e-01 9.169660017960149512e-01
5.325325325325325210e-01 8.900766708219058909e-01
5.335335335335334994e-01 8.596675801807466266e-01
5.345345345345344779e-01 8.258589809635464851e-01
5.355355355355355673e-01 7.887845674326325884e-01
5.365365365365365458e-01 7.485909483349890703e-01
5.375375375375375242e-01 7.054370671459536668e-01
5.385385385385385026e-01 6.594935735358987694e-01
5.395395395395394811e-01 6.109421485454282763e-01
5.405405405405405705e-01 5.599747861375975466e-01
5.415415415415415490e-01 5.067930339682712448e-01
5.425425425425425274e-01 4.516071963768964470e-01
5.435435435435435059e-01 3.946355027494450884e-01
5.445445445445444843e-01 3.361032445422232895e-01
5.455455455455455738e-01 2.762418843790709899e-01
5.465465465465465522e-01 2.152881407450897844e-01
5.475475475475475307e-01 1.534830518962187196e-01
5.485485485485485091e-01 9.107102268664629685e-02
5.495495495495495986e-01 2.829885808311950052e-02
5.505505505505505770e-01 -3.458521281181999030e-02
5.515515515515515554e-01 -9.733251836830228432e-02
5.525525525525525339e-01 -1.596949277875460982e-01
5.535535535535535123e-01 -2.214258323215529123e-01
5.545545545545546018e-01 -2.822811204739762991e-01
5.555555555555555802e-01 -3.420201433256704338e-01
5.565565565565565587e-01 -4.004066661678027383e-01
5.575575575575575371e-01 -4.572098026790753500e-01
5.585585585585585155e-01 -5.122049279531081245e-01
5.595595595595596050e-01 -5.651745667653960137e-01
5.605605605605605835e-01 -6.159092535671804036e-01
5.615615615615615619e-01 -6.642083608056124078e-01
5.625625625625625403e-01 -7.098808922944249700e-01
5.635635635635635188e-01 -7.527462384979541898e-01
5.645645645645646082e-01 -7.926348907416865819e-01
5.655655655655655867e-01 -8.293891115250827673e-01
5.665665665665665651e-01 -8.628635582859296438e-01
5.675675675675675436e-01 -8.929258581495658209e-01
5.685685685685685220e-01 -9.194571313902046850e-01
5.695695695695696115e-01 -9.423524615343193966e-01
5.705705705705705899e-01 -9.615213102471252826e-01
5.715715715715715683e-01 -9.768878753614916866e-01
5.725725725725725468e-01 -9.883913906334728106e-01
5.735735735735735252e-01 -9.959863660391040652e-01
5.745745745745746147e-01 -9.996427676622299252e-01
5.755755755755755931e-01 -9.993461364619808940e-01
5.765765765765765716e-01 -9.950976454502664659e-01
5.775775775775775500e-01 -9.869140950531600787e-01
5.785785785785785285e-01 -9.748278466745350368e-01
5.795795795795796179e-01 -9.588866947246496020e-01
5.805805805805805964e-01 -9.391536776197686454e-01
5.815815815815815748e-01 -9.157068285001684904e-01
5.825825825825825532e-01 -8.886388666523565849e-01
5.835835835835835317e-01 -8.580568308556898449e-01
5.845845845845846211e-01 -8.240816561033647014e-01
5.855855855855855996e-01 -7.868476953715921596e-01
5.865865865865865780e-01 -7.465021883280515969e-01
5.875875875875875565e-01 -7.032046790806856240e-01
5.885885885885885349e-01 -6.571263852691926477e-01
5.895895895895896244e-01 -6.084495209942181182e-01
5.905905905905906028e-01 -5.573665762616398789e-01
5.915915915915915813e-01 -5.040795557913249070e-01
5.925925925925925597e-01 -4.487991802004651087e-01
5.935935935935935381e-01 -3.917440527204031353e-01
5.945945945945946276e-01 -3.331397947420596806e-01
5.955955955955956060e-01 -2.732181536084640761e-01
5.965965965965965845e-01 -2.122160861825090339e-01
5.975975975975975629e-01 -1.503748218139408510e-01
5.985985985985985414e-01 -8.793890841106841161e-02
5.995995995995996308e-01 -2.515524538937185042e-02
6.006006006006006093e-01 3.772789267871816399e-02
6.016016016016015877e-01 1.004618378521659333e-01
6.026026026026025662e-01 1.627985121650893374e-01
6.036036036036035446e-01 2.244914086375647266e-01
6.046046046046046341e-01 2.852965660740527931e-01
6.056056056056056125e-01 3.449735337945906144e-01
6.066066066066065909e-01 4.032863224839785543e-01
6.076076076076075694e-01 4.600043373986057449e-01
6.086086086086086588e-01 5.149032902408110512e-01
6.096096096096096373e-01 5.677660860947096877e-01
6.106106106106106157e-01 6.183836819162147336e-01
6.116116116116115942e-01 6.665559131823691752e-01
6.126126126126125726e-01 7.120922854310206551e-01
6.136136136136136621e-01 7.548127275608017550e-01
6.146146146146146405e-01 7.945483039124444646e-01
6.156156156156156189e-01 8.311418823156926372e-01
6.166166166166165974e-01 8.644487554598625501e-01
6.176176176176175758e-01 8.943372131310269868e-01
6.186186186186186653e-01 9.206890630528644648e-01
6.196196196196196437e-01 9.434000982715814443e-01
6.206206206206206222e-01 9.623805092366327640e-01
6.216216216216216006e-01 9.775552389476850346e-01
6.226226226226225791e-01 9.888642797634354942e-01
6.236236236236236685e-01 9.962629106985546601e-01
6.246246246246246470e-01 9.997218742703887218e-01
6.256256256256256254e-01 9.992274921960795364e-01
6.266266266266266038e-01 9.947817194825859799e-01
6.276276276276275823e-01 9.864021366957149706e-01
6.286286286286286717e-01 9.741218804387358210e-01
6.296296296296296502e-01 9.579895123154892334e-01
6.306306306306306286e-01 9.380688268961673293e-01
6.316316316316316071e-01 9.144385994451658117e-01
6.326326326326325855e-01 8.871922744086054857e-01
6.336336336336336750e-01 8.564375958933454491e-01
6.346346346346346534e-01 8.222961815988106826e-01
6.356356356356356319e-01 7.849030418864076930e-01
6.366366366366366103e-01 7.444060458884196319e-01
6.376376376376375887e-01 7.009653367676003111e-01
6.386386386386386782e-01 6.547526984397350480e-01
6.396396396396396566e-01 6.059508762635505974e-01
6.406406406406406351e-01 5.547528543841162563e-01
6.416416416416416135e-01 5.013610925876076374e-01
6.426426426426425920e-01 4.459867256850804651e-01
6.436436436436436814e-01 3.888487285913883040e-01
6.446446446446446599e-01 3.301730504008404399e-01
6.456456456456456383e-01 2.701917208837819606e-01
6.466466466466466168e-01 2.091419329375701630e-01
6.476476476476475952e-01 1.472651046201469693e-01
6.486486486486486847e-01 8.480592447551096869e-02
6.496496496496496631e-01 2.201138392622525863e-02
6.506506506506506415e-01 -4.087019944071086652e-02
6.516516516516516200e-01 -1.035901638322355989e-01
6.526526526526525984e-01 -1.659004865687067065e-01
6.536536536536536879e-01 -2.275547648760797848e-01
6.546546546546546663e-01 -2.883091902722231814e-01
6.556556556556556448e-01 -3.479235126942823997e-01
6.566566566566566232e-01 -4.061619905544682219e-01
6.576576576576576016e-01 -4.627943229672922265e-01
6.586586586586586911e-01 -5.175965604618814053e-01
6.596596596596596696e-01 -5.703519905779018684e-01
6.606606606606606480e-01 -6.208519948432417168e-01
6.616616616616616264e-01 -6.688968737443353740e-01
6.626626626626626049e-01 -7.142966364270150192e-01
6.636636636636636943e-01 -7.568717520049934588e-01
6.646646646646646728e-01 -7.964538595049288627e-01
6.656656656656656512e-01 -8.328864336407716396e-01
6.666666666666666297e-01 -8.660254037844354880e-01
6.676676676676676081e-01 -8.957397236852543410e-01
6.686686686686686976e-01 -9.219118896852258604e-01
6.696696696696696760e-01 -9.444384053808284607e-01
6.706706706706706544e-01 -9.632301908939114865e-01
6.716716716716716329e-01 -9.782129351332069511e-01
6.726726726726726113e-01 -9.893273896534930945e-01
6.736736736736737008e-01 -9.965296029503367681e-01
6.746746746746746792e-01 -9.997910942639260945e-01
6.756756756756756577e-01 -9.990989662046816377e-01
6.766766766766766361e-01 -9.944559557552776763e-01
6.776776776776777256e-01 -9.858804234473953487e-01
6.786786786786787040e-01 -9.734062807560026620e-01
6.796796796796796825e-01 -9.570828559982716977e-01
6.806806806806806609e-01 -9.369746992674401476e-01
6.816816816816816393e-01 -9.131613271729840386e-01
6.826826826826827288e-01 -8.857369083965284107e-01
6.836836836836837072e-01 -8.548098913069264171e-01
6.846846846846846857e-01 -8.205025751070896822e-01
6.856856856856856641e-01 -7.829506262084630075e-01
6.866866866866866426e-01 -7.423025417456111663e-01
6.876876876876877320e-01 -6.987190623523664712e-01
6.886886886886887105e-01 -6.523725365217922789e-01
6.896896896896896889e-01 -6.034462390634299789e-01
6.906906906906906674e-01 -5.521336463530708283e-01
6.916916916916916458e-01 -4.986376712409946732e-01
6.926926926926927353e-01 -4.431698606441257238e-01
6.936936936936937137e-01 -3.859495589953311212e-01
6.946946946946946921e-01 -3.272030408577702443e-01
6.956956956956956706e-01 -2.671626161345228012e-01
6.966966966966966490e-01 -2.060657114116970223e-01
6.976976976976977385e-01 -1.441539310679587627e-01
6.986986986986987169e-01 -8.167210186321011145e-02
6.996996996996996954e-01 -1.886730478446647929e-02
7.007007007007006738e-01 4.401210202237926250e-02
7.017017017017016522e-01 1.067174653713535148e-01
7.027027027027027417e-01 1.690008203218477667e-01
7.037037037037037202e-01 2.306158707424428578e-01
7.047047047047046986e-01 2.913189632755469605e-01
7.057057057057056770e-01 3.508700508513274419e-01
7.067067067067066555e-01 4.090336419407401558e-01
7.077077077077077449e-01 4.655797317939551760e-01
7.087087087087087234e-01 5.202847119815805499e-01
7.097097097097097018e-01 5.729322546420190232e-01
7.107107107107106803e-01 6.233141679382134814e-01
7.117117117117116587e-01 6.712312193408974670e-01
7.127127127127127482e-01 7.164939234827860659e-01
7.137137137137137266e-01 7.589232914680895670e-01
7.147147147147147050e-01 7.983515386744046705e-01
7.157157157157156835e-01 8.346227482478145721e-01
7.167167167167166619e-01 8.675934876675972518e-01
7.177177177177177514e-01 8.971333759423154586e-01
7.187187187187187298e-01 9.231255991943123629e-01
7.197197197197197083e-01 9.454673725938624873e-01
7.207207207207206867e-01 9.640703468161491152e-01
7.217217217217216652e-01 9.788609574138611436e-01
7.227227227227227546e-01 9.897807157237837883e-01
7.237237237237237331e-01 9.967864401570342148e-01
7.247247247247247115e-01 9.998504269583003978e-01
7.257257257257256899e-01 9.989605597588276931e-01
7.267267267267266684e-01 9.941203574899395434e-01
7.277277277277277578e-01 9.853489604676162195e-01
7.287287287287287363e-01 9.726810547031604637e-01
7.297297297297297147e-01 9.561667347392522887e-01
7.307307307307306932e-01 9.358713055538147030e-01
7.317317317317316716e-01 9.118750243150351986e-01
7.327327327327327611e-01 8.842727830087775409e-01
7.337337337337337395e-01 8.531737331933941793e-01
7.347347347347347180e-01 8.187008543658312876e-01
7.357357357357356964e-01 7.809904676459183959e-01
7.367367367367367859e-01 7.401916967019418481e-01
7.377377377377377643e-01 6.964658780492219980e-01
7.387387387387387427e-01 6.499859230536492172e-01
7.397397397397397212e-01 6.009356341631280074e-01
7.407407407407406996e-01 5.495089780708080074e-01
7.417417417417417891e-01 4.959093186843879786e-01
7.427427427427427675e-01 4.403486129346204647e-01
7.437437437437437460e-01 3.830465726031716533e-01
7.447447447447447244e-01 3.242297954843711416e-01
7.457457457457457028e-01 2.641308693166093957e-01
7.467467467467467923e-01 2.029874520267604676e-01
7.477477477477477708e-01 1.410413319249214648e-01
7.487487487487487492e-01 7.853747156567476850e-02
7.497497497497497276e-01 1.572303905704208055e-02
7.507507507507507061e-01 -4.715356935230157615e-02
7.517517517517517955e-01 -1.098437115424999999e-01
7.527527527527527740e-01 -1.720994827641660341e-01
7.537537537537537524e-01 -2.336746959642534704e-01
7.547547547547547309e-01 -2.943258553192799054e-01
7.557557557557557093e-01 -3.538131191263340636e-01
7.567567567567567988e-01 -4.119012482439918799e-01
7.577577577577577772e-01 -4.683605363326570625e-01
7.587587587587587556e-01 -5.229677182158025683e-01
7.597597597597597341e-01 -5.755068527698876668e-01
7.607607607607607125e-01 -6.257701768518013630e-01
7.617617617617618020e-01 -6.735589268868645840e-01
7.627627627627627804e-01 -7.186841248685399419e-01
7.637637637637637589e-01 -7.609673256616671377e-01
7.647647647647647373e-01 -8.002413226540298075e-01
7.657657657657657158e-01 -8.363508089657724076e-01
7.667667667667668052e-01 -8.691529916019975488e-01
7.677677677677677837e-01 -8.985181561198678502e-01
7.687687687687687621e-01 -9.243301795773077867e-01
7.697697697697697405e-01 -9.464869897348510142e-01
7.707707707707707190e-01 -9.649009686947369602e-01
7.717717717717718084e-01 -9.794992993811172388e-01
7.727727727727727869e-01 -9.902242534911985805e-01
7.737737737737737653e-01 -9.970334197786899777e-01
7.747747747747747438e-01 -9.998998717667487712e-01
7.757757757757757222e-01 -9.988122742272695920e-01
7.767767767767768117e-01 -9.937749280054238854e-01
7.777777777777777901e-01 -9.848077530122081313e-01
7.787787787787787686e-01 -9.719462094522344220e-01
7.797797797797797470e-01 -9.552411575982887593e-01
7.807807807807807254e-01 -9.347586566671518549e-01
7.817817817817818149e-01 -9.105797035920348836e-01
7.827827827827827933e-01 -8.827999127246202171e-01
7.837837837837837718e-01 -8.515291377333135125e-01
7.847847847847847502e-01 -8.168910371929095637e-01
7.857857857857857287e-01 -7.790225855834931323e-01
7.867867867867868181e-01 -7.380735316323383532e-01
7.877877877877877966e-01 -6.942058061407240244e-01
7.887887887887887750e-01 -6.475928816373979213e-01
7.897897897897897534e-01 -5.984190863909276681e-01
7.907907907907907319e-01 -5.468788754936307894e-01
7.917917917917918214e-01 -4.931760618994743273e-01
7.927927927927927998e-01 -4.375230104569070022e-01
7.937937937937937782e-01 -3.801397981236022683e-01
7.947947947947947567e-01 -3.212533436841455425e-01
7.957957957957957351e-01 -2.610965104120929747e-01
7.967967967967968246e-01 -1.999071852248054115e-01
7.977977977977978030e-01 -1.379273379726573823e-01
7.987987987987987815e-01 -7.540206458240135412e-02
7.997997997997997599e-01 -1.257861783874383507e-02
8.008008008008007383e-01 5.029457036336040104e-02
8.018018018018018278e-01 1.129688714290711382e-01
8.028028028028028062e-01 1.751964432518643422e-01
8.038038038038037847e-01 2.367312102916791228e-01
8.048048048048047631e-01 2.973298366671688342e-01
8.058058058058058526e-01 3.567526884142321331e-01
8.068068068068068310e-01 4.147647811054046563e-01
8.078078078078078095e-01 4.711367090830191895e-01
8.088088088088087879e-01 5.256455526313194015e-01
8.098098098098097664e-01 5.780757595003670479e-01
8.108108108108108558e-01 6.282199972956419298e-01
8.118118118118118343e-01 6.758799733626765782e-01
8.128128128128128127e-01 7.208672189245854955e-01
8.138138138138137911e-01 7.630038343715257465e-01
8.148148148148147696e-01 8.021231927550405150e-01
8.158158158158158590e-01 8.380705987052257111e-01
8.168168168168168375e-01 8.707039001651288856e-01
8.178178178178178159e-01 8.998940505233180565e-01
8.188188188188187944e-01 9.255256189216767293e-01
8.198198198198197728e-01 9.474972467204277882e-01
8.208208208208208623e-01 9.657220483153540203e-01
8.218218218218218407e-01 9.801279547221769528e-01
8.228228228228228192e-01 9.906579985694315971e-01
8.238238238238237976e-01 9.972705393728323875e-01
8.248248248248247760e-01 9.999394282002935785e-01
8.258258258258258655e-01 9.986541110764562967e-01
8.268268268268268439e-01 9.934196707178105656e-01
8.278278278278278224e-01 9.842568064333689914e-01
8.288288288288288008e-01 9.712017522703774164e-01
8.298298298298297793e-01 9.543061337287512824e-01
8.308308308308308687e-01 9.336367636108450219e-01
8.318318318318318472e-01 9.092753778138884524e-01
8.328328328328328256e-01 8.813183121098083772e-01
8.338338338338338041e-01 8.498761211906895596e-01
8.348348348348347825e-01 8.150731414862633084e-01
8.358358358358358720e-01 7.770469994822870596e-01
8.368368368368368504e-01 7.359480674841039072e-01
8.378378378378378288e-01 6.919388689775489709e-01
8.388388388388388073e-01 6.451934359386986007e-01
8.398398398398397857e-01 5.958966206338999205e-01
8.408408408408408752e-01 5.442433646315778528e-01
8.418418418418418536e-01 4.904379279164219341e-01
8.428428428428428321e-01 4.346930811543998074e-01
8.438438438438438105e-01 3.772292643027770342e-01
8.448448448448447889e-01 3.182737148923119874e-01
8.458458458458458784e-01 2.580595694288497222e-01
8.468468468468468568e-01 1.968249414677078757e-01
8.478478478478478353e-01 1.348119800065897267e-01
8.488488488488488137e-01 7.226591192058845481e-02
8.498498498498497922e-01 9.434072225901226488e-03
8.508508508508508816e-01 -5.343507399305703898e-02
8.518518518518518601e-01 -1.160929141252268482e-01
8.528528528528528385e-01 -1.782916711579696223e-01
8.538538538538538170e-01 -2.397853834977337062e-01
8.548548548548547954e-01 -3.003308776117453727e-01
8.558558558558558849e-01 -3.596887296445345217e-01
8.568568568568568633e-01 -4.176242122064630635e-01
8.578578578578578417e-01 -4.739082225904429624e-01
8.588588588588588202e-01 -5.283181887460487447e-01
8.598598598598597986e-01 -5.806389494286005037e-01
8.608608608608608881e-01 -6.306636050425554751e-01
8.618618618618618665e-01 -6.781943358146625966e-01
8.628628628628628450e-01 -7.230431840615085815e-01
8.638638638638638234e-01 -7.650327974578873258e-01
8.648648648648649129e-01 -8.039971303669405378e-01
8.658658658658658913e-01 -8.397821004585380722e-01
8.668668668668668698e-01 -8.722461980194867737e-01
8.678678678678678482e-01 -9.012610455459438841e-01
8.688688688688688266e-01 -9.267119054052831428e-01
8.698698698698699161e-01 -9.484981335597949537e-01
8.708708708708708945e-01 -9.665335775580403688e-01
8.718718718718718730e-01 -9.807469172200397045e-01
8.728728728728728514e-01 -9.910819466690192758e-01
8.738738738738738299e-01 -9.974977965944993308e-01
8.748748748748749193e-01 -9.999690958677468489e-01
8.758758758758758978e-01 -9.984860718705222959e-01
8.768768768768768762e-01 -9.930545891403678160e-01
8.778778778778778547e-01 -9.836961261796107747e-01
8.788788788788788331e-01 -9.704476905197986225e-01
8.798798798798799226e-01 -9.533616723774300805e-01
8.808808808808809010e-01 -9.325056374797069392e-01
8.818818818818818794e-01 -9.079620598795468123e-01
8.828828828828828579e-01 -8.798279958164315628e-01
8.838838838838838363e-01 -8.482146999128064024e-01
8.848848848848849258e-01 -8.132471852237308507e-01
8.858858858858859042e-01 -7.750637288796012880e-01
8.868868868868868827e-01 -7.338153252767294354e-01
8.878878878878878611e-01 -6.896650889782658389e-01
8.888888888888888395e-01 -6.427876096865458022e-01
8.898898898898899290e-01 -5.933682618376181495e-01
8.908908908908909074e-01 -5.416024715481903007e-01
8.918918918918918859e-01 -4.876949438136374826e-01
8.928928928928928643e-01 -4.318588530133031234e-01
8.938938938938938428e-01 -3.743149999240210080e-01
8.948948948948949322e-01 -3.152909385755007232e-01
8.958958958958959107e-01 -2.550200764003116016e-01
8.968968968968968891e-01 -1.937407512369017926e-01
8.978978978978978676e-01 -1.316952888356307805e-01
8.988988988988988460e-01 -6.912904459478767805e-02
8.998998998998999355e-01 -6.289433316066811268e-03
9.009009009009009139e-01 5.657504918379027692e-02
9.019019019019018923e-01 1.192158087361682994e-01
9.029029029029028708e-01 1.813851358726500940e-01
9.039039039039038492e-01 2.428371853785832590e-01
9.049049049049049387e-01 3.033289484746267139e-01
9.059059059059059171e-01 3.626212137816641756e-01
9.069069069069068956e-01 4.204795132692089044e-01
9.079079079079078740e-01 4.766750494464258026e-01
9.089089089089088525e-01 5.309856001293161709e-01
9.099099099099099419e-01 5.831963972062726986e-01
9.109109109109109204e-01 6.331009759268183545e-01
9.119119119119118988e-01 6.805019913552525779e-01
9.129129129129128772e-01 7.252119987603954376e-01
9.139139139139138557e-01 7.670541948555950063e-01
9.149149149149149451e-01 8.058631169576681019e-01
9.159159159159159236e-01 8.414852973000476188e-01
9.169169169169169020e-01 8.737798699127282687e-01
9.179179179179178805e-01 9.026191276690324061e-01
9.189189189189188589e-01 9.278890272965067965e-01
9.199199199199199484e-01 9.494896403548125363e-01
9.209209209209209268e-01 9.673355483972906343e-01
9.219219219219219053e-01 9.813561807535592374e-01
9.229229229229228837e-01 9.914960935973842204e-01
9.239239239239238621e-01 9.977151891962610097e-01
9.249249249249249516e-01 9.999888744757140513e-01
9.259259259259259300e-01 9.983081582712681756e-01
9.269269269269269085e-01 9.926796868835205956e-01
9.279279279279278869e-01 9.831257177957052340e-01
9.289289289289288654e-01 9.696840316576896823e-01
9.299299299299299548e-01 9.524077828844506044e-01
9.309309309309309333e-01 9.313652894598543064e-01
9.319319319319319117e-01 9.066397627768907341e-01
9.329329329329328901e-01 8.783289785827717022e-01
9.339339339339339796e-01 8.465448903300617500e-01
9.349349349349349581e-01 8.114131864628646440e-01
9.359359359359359365e-01 7.730727933887183712e-01
9.369369369369369149e-01 7.316753261016811782e-01
9.379379379379378934e-01 6.873844886291154976e-01
9.389389389389389828e-01 6.403754266730283806e-01
9.399399399399399613e-01 5.908340350059572144e-01
9.409409409409409397e-01 5.389562223602181179e-01
9.419419419419419182e-01 4.849471367174921221e-01
9.429429429429428966e-01 4.290203540623336864e-01
9.439439439439439861e-01 3.713970338075652244e-01
9.449449449449449645e-01 3.123050442314893593e-01
9.459459459459459429e-01 2.519780613851280160e-01
9.469469469469469214e-01 1.906546450330703635e-01
9.479479479479478998e-01 1.285772952818704795e-01
9.489489489489489893e-01 6.599149362661824170e-02
9.499499499499499677e-01 3.144732207737115180e-03
9.509509509509509462e-01 -5.971446488320612117e-02
9.519519519519519246e-01 -1.223375243784504685e-01
9.529529529529529031e-01 -1.844768068034896846e-01
9.539539539539539925e-01 -2.458865857538516109e-01
9.549549549549549710e-01 -3.063240196067819054e-01
9.559559559559559494e-01 -3.655501118252146853e-01
9.569569569569569278e-01 -4.233306560565274768e-01
9.579579579579579063e-01 -4.794371622888066176e-01
9.589589589589589957e-01 -5.336477604021226950e-01
9.599599599599599742e-01 -5.857480775418373309e-01
9.609609609609609526e-01 -6.355320858443798127e-01
9.619619619619619311e-01 -6.828029171631879723e-01
9.629629629629629095e-01 -7.273736415730456262e-01
9.639639639639639990e-01 -7.690680065743165095e-01
9.649649649649649774e-01 -8.077211340738048584e-01
9.659659659659659559e-01 -8.431801723862188958e-01
9.669669669669669343e-01 -8.753049006778118590e-01
9.679679679679679127e-01 -9.039682834620137442e-01
9.689689689689690022e-01 -9.290569729543622923e-01
9.699699699699699806e-01 -9.504717573001102426e-01
9.709709709709709591e-01 -9.681279529021187269e-01
9.719719719719719375e-01 -9.819557392975060139e-01
9.729729729729729160e-01 -9.919004352588760565e-01
9.739739739739740054e-01 -9.979227150282431458e-01
9.749749749749749839e-01 -9.999987638285974256e-01
9.759759759759759623e-01 -9.981203720381462974e-01
9.769769769769769407e-01 -9.922949676548141751e-01
9.779779779779779192e-01 -9.825455869226290551e-01
9.789789789789790087e-01 -9.689107832361503192e-01
9.799799799799799871e-01 -9.514444746831763888e-01
9.809809809809809655e-01 -9.302157308286049808e-01
9.819819819819819440e-01 -9.053084995825988468e-01
9.829829829829829224e-01 -8.768212752331573379e-01
9.839839839839840119e-01 -8.448667089558199450e-01
9.849849849849849903e-01 -8.095711633407438601e-01
9.859859859859859688e-01 -7.710742126987265577e-01
9.869869869869869472e-01 -7.295280911221924125e-01
9.879879879879879256e-01 -6.850970904837873077e-01
9.889889889889890151e-01 -6.379569107531101180e-01
9.899899899899899935e-01 -5.882939652008056797e-01
9.909909909909909720e-01 -5.363046432373855810e-01
9.919919919919919504e-01 -4.821945338020536265e-01
9.929929929929930399e-01 -4.261776123724376752e-01
9.939939939939940183e-01 -3.684753948102485466e-01
9.949949949949949968e-01 -3.093160613888704114e-01
9.959959959959959752e-01 -2.489335544668960787e-01
9.969969969969969537e-01 -1.875666533758446053e-01
9.979979979979980431e-01 -1.254580301802925013e-01
9.989989989989990216e-01 -6.285329004448138301e-02
1.000000000000000000e+00 -2.449293598294706513e-15
