0.000000000000000000e+00 0.000000000000000000e+00
6.289474781961547356e-03 6.289433316067750621e-03
1.257894956392309471e-02 1.257861783874105778e-02
1.886842434588464207e-02 1.886730478446708992e-02
2.515789912784618942e-02 2.515524538937584723e-02
3.144737390980773678e-02 3.144219091912060088e-02
3.773684869176928414e-02 3.772789267871717866e-02
4.402632347373083149e-02 4.401210202238166336e-02
5.031579825569237885e-02 5.029457036336618114e-02
5.660527303765392620e-02 5.657504918379234471e-02
6.289474781961547356e-02 6.285329004448193813e-02
6.918422260157702786e-02 6.912904459478454167e-02
7.547369738353856827e-02 7.540206458240159004e-02
8.176317216550010869e-02 8.167210186320662813e-02
8.805264694746166299e-02 8.793890841106125067e-02
9.434212172942321728e-02 9.420223632762625421e-02
1.006315965113847577e-01 1.004618378521679456e-01
1.069210712933462981e-01 1.067174653713588856e-01
1.132105460753078524e-01 1.129688714290728313e-01
1.195000208572694067e-01 1.192158087361733509e-01
1.257894956392309471e-01 1.254580301802960263e-01
1.320789704211924875e-01 1.316952888356235918e-01
1.383684452031540557e-01 1.379273379726535798e-01
1.446579199851155961e-01 1.441539310679582908e-01
1.509473947670771365e-01 1.503748218139366877e-01
1.572368695490386770e-01 1.565897641285576569e-01
1.635263443310002174e-01 1.627985121650943057e-01
1.698158191129617856e-01 1.690008203218490712e-01
1.761052938949233260e-01 1.751964432518689774e-01
1.823947686768848664e-01 1.813851358726510654e-01
1.886842434588464346e-01 1.875666533758371390e-01
1.949737182408079750e-01 1.937407512368976292e-01
2.012631930227695154e-01 1.999071852248045789e-01
2.075526678047310558e-01 2.060657114116925537e-01
2.138421425866925962e-01 2.122160861825078682e-01
2.201316173686541644e-01 2.183580662446454324e-01
2.264210921506157048e-01 2.244914086375725815e-01
2.327105669325772452e-01 2.306158707424401377e-01
2.390000417145388134e-01 2.367312102916797334e-01
2.452895164965003538e-01 2.428371853785871448e-01
2.515789912784618942e-01 2.489335544668916100e-01
2.578684660604234624e-01 2.550200764003104359e-01
2.641579408423849751e-01 2.610965104120882008e-01
2.704474156243465433e-01 2.671626161345213024e-01
2.767368904063081114e-01 2.732181536084658524e-01
2.830263651882696241e-01 2.792628832928300553e-01
2.893158399702311923e-01 2.852965660740497400e-01
2.956053147521927049e-01 2.913189632755471825e-01
3.018947895341542731e-01 2.973298366671722759e-01
3.081842643161158413e-01 3.033289484746266584e-01
3.144737390980773539e-01 3.093160613888688570e-01
3.207632138800389221e-01 3.152909385755024441e-01
3.270526886620004348e-01 3.212533436841436552e-01
3.333421634439620029e-01 3.272030408577715765e-01
3.396316382259235711e-01 3.331397947420575711e-01
3.459211130078850838e-01 3.390633704946751648e-01
3.522105877898466519e-01 3.449735337945904479e-01
3.585000625718082201e-01 3.508700508513304950e-01
3.647895373537697328e-01 3.567526884142316890e-01
3.710790121357313009e-01 3.626212137816668957e-01
3.773684869176928691e-01 3.684753948102498788e-01
3.836579616996543818e-01 3.743149999240188430e-01
3.899474364816159500e-01 3.801397981235966617e-01
3.962369112635774626e-01 3.859495589953286787e-01
4.025263860455390308e-01 3.917440527203973066e-01
4.088158608275005990e-01 3.975230500839129211e-01
4.151053356094621116e-01 4.032863224839812188e-01
4.213948103914236798e-01 4.090336419407458735e-01
4.276842851733851925e-01 4.147647811054069322e-01
4.339737599553467606e-01 4.204795132692142889e-01
4.402632347373083288e-01 4.261776123724352883e-01
4.465527095192698415e-01 4.318588530132972947e-01
4.528421843012314096e-01 4.375230104569042822e-01
4.591316590831929778e-01 4.431698606441261123e-01
4.654211338651544905e-01 4.487991802004621111e-01
4.717106086471160586e-01 4.544107464448773892e-01
4.780000834290776268e-01 4.600043373986109629e-01
4.842895582110391395e-01 4.655797317939570634e-01
4.905790329930007077e-01 4.711367090830178017e-01
4.968685077749622203e-01 4.766750494464273569e-01
5.031579825569237885e-01 4.821945338020476868e-01
5.094474573388853011e-01 4.876949438136344850e-01
5.157369321208469248e-01 4.931760618994743828e-01
5.220264069028084375e-01 4.986376712409914536e-01
5.283158816847699502e-01 5.040795557913245739e-01
5.346053564667315738e-01 5.095015002838731988e-01
5.408948312486930865e-01 5.149032902408126056e-01
5.471843060306545992e-01 5.202847119815788846e-01
5.534737808126162228e-01 5.256455526313207338e-01
5.597632555945777355e-01 5.309856001293202787e-01
5.660527303765392482e-01 5.363046432373823613e-01
5.723422051585007608e-01 5.416024715481899676e-01
5.786316799404623845e-01 5.468788754936273477e-01
5.849211547224238972e-01 5.521336463530701621e-01
5.912106295043854098e-01 5.573665762616420993e-01
5.975001042863470335e-01 5.625774582184370765e-01
6.037895790683085462e-01 5.677660860947078003e-01
6.100790538502700588e-01 5.729322546420199114e-01
6.163685286322316825e-01 5.780757595003707117e-01
6.226580034141931952e-01 5.831963972062732537e-01
6.289474781961547079e-01 5.882939652008050135e-01
6.352369529781163315e-01 5.933682618376203699e-01
6.415264277600778442e-01 5.984190863909267799e-01
6.478159025420393569e-01 6.034462390634260931e-01
6.541053773240008695e-01 6.084495209942170080e-01
6.603948521059624932e-01 6.134287342666617793e-01
6.666843268879240059e-01 6.183836819162152887e-01
6.729738016698855185e-01 6.233141679382165901e-01
6.792632764518471422e-01 6.282199972956422629e-01
6.855527512338086549e-01 6.331009759268212411e-01
6.918422260157701675e-01 6.379569107531117833e-01
6.981317007977317912e-01 6.427876096865392519e-01
7.044211755796933039e-01 6.475928816373940355e-01
7.107106503616548165e-01 6.523725365217909467e-01
7.170001251436164402e-01 6.571263852691885399e-01
7.232895999255779529e-01 6.618542398298680185e-01
7.295790747075394655e-01 6.665559131823719508e-01
7.358685494895010892e-01 6.712312193409026850e-01
7.421580242714626019e-01 6.758799733626790207e-01
7.484474990534241146e-01 6.805019913552523558e-01
7.547369738353857382e-01 6.850970904837808684e-01
7.610264486173472509e-01 6.896650889782618421e-01
7.673159233993087636e-01 6.942058061407224701e-01
7.736053981812702762e-01 6.987190623523673594e-01
7.798948729632318999e-01 7.032046790806838477e-01
7.861843477451934126e-01 7.076624788865043536e-01
7.924738225271549252e-01 7.120922854310253181e-01
7.987632973091165489e-01 7.164939234827831793e-01
8.050527720910780616e-01 7.208672189245850515e-01
8.113422468730395742e-01 7.252119987603972140e-01
8.176317216550011979e-01 7.295280911221884157e-01
8.239211964369627106e-01 7.338153252767276591e-01
8.302106712189242232e-01 7.380735316323389084e-01
8.365001460008858469e-01 7.423025417456092789e-01
8.427896207828473596e-01 7.465021883280519299e-01
8.490790955648088723e-01 7.506723052527243256e-01
8.553685703467703849e-01 7.548127275607987574e-01
8.616580451287320086e-01 7.589232914680887898e-01
8.679475199106935213e-01 7.630038343715273008e-01
8.742369946926550339e-01 7.670541948555986700e-01
8.805264694746166576e-01 7.710742126987246703e-01
8.868159442565781703e-01 7.750637288796015101e-01
8.931054190385396829e-01 7.790225855834911339e-01
8.993948938205013066e-01 7.829506262084631185e-01
9.056843686024628193e-01 7.868476953715899391e-01
9.119738433844243319e-01 7.907136389150937195e-01
9.182633181663859556e-01 7.945483039124436875e-01
9.245527929483474683e-01 7.983515386744058917e-01
9.308422677303089809e-01 8.021231927550437346e-01
9.371317425122706046e-01 8.058631169576691011e-01
9.434212172942321173e-01 8.095711633407439711e-01
9.497106920761936300e-01 8.132471852237328491e-01
9.560001668581552536e-01 8.168910371929053449e-01
9.622896416401167663e-01 8.205025751070874618e-01
9.685791164220782790e-01 8.240816561033643683e-01
9.748685912040397916e-01 8.276281386027311004e-01
9.811580659860014153e-01 8.311418823156935254e-01
9.874475407679629280e-01 8.346227482478172366e-01
9.937370155499244406e-01 8.380705987052263772e-01
1.000026490331886064e+00 8.414852973000501724e-01
1.006315965113847577e+00 8.448667089558177246e-01
1.012605439895809090e+00 8.482146999128021836e-01
1.018894914677770602e+00 8.515291377333111811e-01
1.025184389459732115e+00 8.548098913069258620e-01
1.031473864241693850e+00 8.580568308556875134e-01
1.037763339023655362e+00 8.612698279392307921e-01
1.044052813805616875e+00 8.644487554598648815e-01
1.050342288587578388e+00 8.675934876676012486e-01
1.056631763369539900e+00 8.707039001651274424e-01
1.062921238151501413e+00 8.737798699127283797e-01
1.069210712933463148e+00 8.768212752331535631e-01
1.075500187715424660e+00 8.798279958164293424e-01
1.081789662497386173e+00 8.827999127246195510e-01
1.088079137279347686e+00 8.857369083965292988e-01
1.094368612061309198e+00 8.886388666523558078e-01
1.100658086843270711e+00 8.915056726982838464e-01
1.106947561625232446e+00 8.943372131310272088e-01
1.113237036407193958e+00 8.971333759423140153e-01
1.119526511189155471e+00 8.998940505233181675e-01
1.125815985971116984e+00 9.026191276690339604e-01
1.132105460753078496e+00 9.053084995825966264e-01
1.138394935535040009e+00 9.079620598795461461e-01
1.144684410317001522e+00 9.105797035920355498e-01
1.150973885098963256e+00 9.131613271729832615e-01
1.157263359880924769e+00 9.157068285001691565e-01
1.163552834662886282e+00 9.182161068802739967e-01
1.169842309444847794e+00 9.206890630528630215e-01
1.176131784226809307e+00 9.231255991943122519e-01
1.182421259008770820e+00 9.255256189216778395e-01
1.188710733790732554e+00 9.278890272965093500e-01
1.195000208572694067e+00 9.302157308286042037e-01
1.201289683354655580e+00 9.325056374797073833e-01
1.207579158136617092e+00 9.347586566671509667e-01
1.213868632918578605e+00 9.369746992674380381e-01
1.220158107700540118e+00 9.391536776197676462e-01
1.226447582482501630e+00 9.412955055295031404e-01
1.232737057264463365e+00 9.434000982715812222e-01
1.239026532046424878e+00 9.454673725938633755e-01
1.245316006828386390e+00 9.474972467204297866e-01
1.251605481610347903e+00 9.494896403548133135e-01
1.257894956392309416e+00 9.514444746831766109e-01
1.264184431174270928e+00 9.533616723774293034e-01
1.270473905956232663e+00 9.552411575982868719e-01
1.276763380738194176e+00 9.570828559982708095e-01
1.283052855520155688e+00 9.588866947246497130e-01
1.289342330302117201e+00 9.606526024223209781e-01
1.295631805084078714e+00 9.623805092366334302e-01
1.301921279866040226e+00 9.640703468161505585e-01
1.308210754648001739e+00 9.657220483153545754e-01
1.314500229429963474e+00 9.673355483972901903e-01
1.320789704211924986e+00 9.689107832361495420e-01
1.327079178993886499e+00 9.704476905197969572e-01
1.333368653775848012e+00 9.719462094522335338e-01
1.339658128557809524e+00 9.734062807560026620e-01
1.345947603339771037e+00 9.748278466745341486e-01
1.352237078121732772e+00 9.762108509744296114e-01
1.358526552903694284e+00 9.775552389476861448e-01
1.364816027685655797e+00 9.788609574138614766e-01
1.371105502467617310e+00 9.801279547221765087e-01
1.377394977249578822e+00 9.813561807535594594e-01
1.383684452031540335e+00 9.825455869226277228e-01
1.389973926813502070e+00 9.836961261796101086e-01
1.396263401595463582e+00 9.848077530122080203e-01
1.402552876377425095e+00 9.858804234473957928e-01
1.408842351159386608e+00 9.869140950531599676e-01
1.415131825941348120e+00 9.879087269401780613e-01
1.421421300723309633e+00 9.888642797634357162e-01
1.427710775505271146e+00 9.897807157237834552e-01
1.434000250287232880e+00 9.906579985694317081e-01
1.440289725069194393e+00 9.914960935973847755e-01
1.446579199851155906e+00 9.922949676548136200e-01
1.452868674633117418e+00 9.930545891403677050e-01
1.459158149415078931e+00 9.937749280054242185e-01
1.465447624197040444e+00 9.944559557552775653e-01
1.471737098979002178e+00 9.950976454502660218e-01
1.478026573760963691e+00 9.956999717068376610e-01
1.484316048542925204e+00 9.962629106985543270e-01
1.490605523324886716e+00 9.967864401570342148e-01
1.496894998106848229e+00 9.972705393728327206e-01
1.503184472888809742e+00 9.977151891962614538e-01
1.509473947670771476e+00 9.981203720381462974e-01
1.515763422452732989e+00 9.984860718705224070e-01
1.522052897234694502e+00 9.988122742272691479e-01
1.528342372016656014e+00 9.990989662046814157e-01
1.534631846798617527e+00 9.993461364619808940e-01
1.540921321580579040e+00 9.995537752217638072e-01
1.547210796362540552e+00 9.997218742703887218e-01
1.553500271144502287e+00 9.998504269583003978e-01
1.559789745926463800e+00 9.999394282002936896e-01
1.566079220708425312e+00 9.999888744757140513e-01
1.572368695490386825e+00 9.999987638285974256e-01
1.578658170272348338e+00 9.999690958677468489e-01
1.584947645054309850e+00 9.998998717667488823e-01
1.591237119836271585e+00 9.997910942639262055e-01
1.597526594618233098e+00 9.996427676622299252e-01
1.603816069400194610e+00 9.994548978290692665e-01
1.610105544182156123e+00 9.992274921960794254e-01
1.616395018964117636e+00 9.989605597588274710e-01
1.622684493746079148e+00 9.986541110764565188e-01
1.628973968528040661e+00 9.983081582712681756e-01
1.635263443310002396e+00 9.979227150282432568e-01
1.641552918091963909e+00 9.974977965944996638e-01
1.647842392873925421e+00 9.970334197786901997e-01
1.654131867655886934e+00 9.965296029503367681e-01
1.660421342437848446e+00 9.959863660391043982e-01
1.666710817219809959e+00 9.954037305340125430e-01
1.673000292001771694e+00 9.947817194825853138e-01
1.679289766783733207e+00 9.941203574899393214e-01
1.685579241565694719e+00 9.934196707178106767e-01
1.691868716347656232e+00 9.926796868835202625e-01
1.698158191129617745e+00 9.919004352588769446e-01
1.704447665911579257e+00 9.910819466690197199e-01
1.710737140693540770e+00 9.902242534911985805e-01
1.717026615475502505e+00 9.893273896534935385e-01
1.723316090257464017e+00 9.883913906334728106e-01
1.729605565039425530e+00 9.874162934567889405e-01
1.735895039821387043e+00 9.864021366957146375e-01
1.742184514603348555e+00 9.853489604676165525e-01
1.748473989385310068e+00 9.842568064333686584e-01
1.754763464167271803e+00 9.831257177957042348e-01
1.761052938949233315e+00 9.819557392975066801e-01
1.767342413731194828e+00 9.807469172200397045e-01
1.773631888513156341e+00 9.794992993811164617e-01
1.779921363295117853e+00 9.782129351332085054e-01
1.786210838077079366e+00 9.768878753614925747e-01
1.792500312859041101e+00 9.755241724818387583e-01
1.798789787641002613e+00 9.741218804387362651e-01
1.805079262422964126e+00 9.726810547031601306e-01
1.811368737204925639e+00 9.712017522703763062e-01
1.817658211986887151e+00 9.696840316576876839e-01
1.823947686768848664e+00 9.681279529021188379e-01
1.830237161550810177e+00 9.665335775580414790e-01
1.836526636332771911e+00 9.649009686947390696e-01
1.842816111114733424e+00 9.632301908939125967e-01
1.849105585896694937e+00 9.615213102471255047e-01
1.855395060678656449e+00 9.597743943531891198e-01
1.861684535460617962e+00 9.579895123154889003e-01
1.867974010242579475e+00 9.561667347392510674e-01
1.874263485024541209e+00 9.543061337287488399e-01
1.880552959806502722e+00 9.524077828844514926e-01
1.886842434588464235e+00 9.504717573001115749e-01
1.893131909370425747e+00 9.484981335597952867e-01
1.899421384152387260e+00 9.464869897348525685e-01
1.905710858934348773e+00 9.444384053808290158e-01
1.912000333716310507e+00 9.423524615343186195e-01
1.918289808498272020e+00 9.402292407097589955e-01
1.924579283280233533e+00 9.380688268961658860e-01
1.930868758062195045e+00 9.358713055538121495e-01
1.937158232844156558e+00 9.336367636108462431e-01
1.943447707626118071e+00 9.313652894598543064e-01
1.949737182408079583e+00 9.290569729543628474e-01
1.956026657190041318e+00 9.267119054052850302e-01
1.962316131972002831e+00 9.243301795773084528e-01
1.968605606753964343e+00 9.219118896852251943e-01
1.974895081535925856e+00 9.194571313902054621e-01
1.981184556317887369e+00 9.169660017960135079e-01
1.987474031099848881e+00 9.144385994451658117e-01
1.993763505881810616e+00 9.118750243150337553e-01
2.000052980663772129e+00 9.092753778138885634e-01
2.006342455445733641e+00 9.066397627768894019e-01
2.012631930227695154e+00 9.039682834620161866e-01
2.018921405009656667e+00 9.012610455459447723e-01
2.025210879791618179e+00 8.985181561198674061e-01
2.031500354573579692e+00 8.957397236852555622e-01
2.037789829355541205e+00 8.929258581495685965e-01
2.044079304137502717e+00 8.900766708219061130e-01
2.050368778919464230e+00 8.871922744086042645e-01
2.056658253701426187e+00 8.842727830087777630e-01
2.062947728483387699e+00 8.813183121098070449e-01
2.069237203265349212e+00 8.783289785827687046e-01
2.075526678047310725e+00 8.753049006778130803e-01
2.081816152829272237e+00 8.722461980194863296e-01
2.088105627611233750e+00 8.691529916019989921e-01
2.094395102393195263e+00 8.660254037844387076e-01
2.100684577175156775e+00 8.628635582859311981e-01
2.106974051957118288e+00 8.596675801807454054e-01
2.113263526739079801e+00 8.564375958933460042e-01
2.119553001521041313e+00 8.531737331933929580e-01
2.125842476303002826e+00 8.498761211906866730e-01
2.132131951084964339e+00 8.465448903300607508e-01
2.138421425866926295e+00 8.431801723862224485e-01
2.144710900648887808e+00 8.397821004585397375e-01
2.151000375430849321e+00 8.363508089657761824e-01
2.157289850212810833e+00 8.328864336407735269e-01
2.163579324994772346e+00 8.293891115250828783e-01
2.169868799776733859e+00 8.258589809635432655e-01
2.176158274558695371e+00 8.222961815988095724e-01
2.182447749340656884e+00 8.187008543658282900e-01
2.188737224122618397e+00 8.150731414862624202e-01
2.195026698904579909e+00 8.114131864628659763e-01
2.201316173686541422e+00 8.077211340738070788e-01
2.207605648468502935e+00 8.039971303669407598e-01
2.213895123250464891e+00 8.002413226540320279e-01
2.220184598032426404e+00 7.964538595049290848e-01
2.226474072814387917e+00 7.926348907416848055e-01
2.232763547596349429e+00 7.887845674326314782e-01
2.239053022378310942e+00 7.849030418864045844e-01
2.245342497160272455e+00 7.809904676459176187e-01
2.251631971942233967e+00 7.770469994822886139e-01
2.257921446724195480e+00 7.730727933887178160e-01
2.264210921506156993e+00 7.690680065743169536e-01
2.270500396288118505e+00 7.650327974578902124e-01
2.276789871070080018e+00 7.609673256616678039e-01
2.283079345852041531e+00 7.568717520049920156e-01
2.289368820634003043e+00 7.527462384979550780e-01
2.295658295415965000e+00 7.485909483349906246e-01
2.301947770197926513e+00 7.444060458884189657e-01
2.308237244979888025e+00 7.401916967019436244e-01
2.314526719761849538e+00 7.359480674841034631e-01
2.320816194543811051e+00 7.316753261016785137e-01
2.327105669325772563e+00 7.273736415730488458e-01
2.333395144107734076e+00 7.230431840615094696e-01
2.339684618889695589e+00 7.186841248685384986e-01
2.345974093671657101e+00 7.142966364270211255e-01
2.352263568453618614e+00 7.098808922944288557e-01
2.358553043235580127e+00 7.054370671459533337e-01
2.364842518017541639e+00 7.009653367675977576e-01
2.371131992799503152e+00 6.964658780492221091e-01
2.377421467581465109e+00 6.919388689775461954e-01
2.383710942363426621e+00 6.873844886291102796e-01
2.390000417145388134e+00 6.828029171631890826e-01
2.396289891927349647e+00 6.781943358146664824e-01
2.402579366709311159e+00 6.735589268868660273e-01
2.408868841491272672e+00 6.688968737443397039e-01
2.415158316273234185e+00 6.642083608056141841e-01
2.421447791055195697e+00 6.594935735358961049e-01
2.427737265837157210e+00 6.547526984397352701e-01
2.434026740619118723e+00 6.499859230536469967e-01
2.440316215401080235e+00 6.451934359386937157e-01
2.446605690183041748e+00 6.403754266730262712e-01
2.452895164965003261e+00 6.355320858443844756e-01
2.459184639746965217e+00 6.306636050425572515e-01
2.465474114528926730e+00 6.257701768518059149e-01
2.471763589310888243e+00 6.208519948432437152e-01
2.478053064092849755e+00 6.159092535671797375e-01
2.484342538874811268e+00 6.109421485454230583e-01
2.490632013656772781e+00 6.059508762635483770e-01
2.496921488438734293e+00 6.009356341631231224e-01
2.503210963220695806e+00 5.958966206338979221e-01
2.509500438002657319e+00 5.908340350059583246e-01
2.515789912784618831e+00 5.857480775418396624e-01
2.522079387566580344e+00 5.806389494286058328e-01
2.528368862348541857e+00 5.755068527698903313e-01
2.534658337130503369e+00 5.703519905779017574e-01
2.540947811912465326e+00 5.651745667653927940e-01
2.547237286694426839e+00 5.599747861375954372e-01
2.553526761476388351e+00 5.547528543841172555e-01
2.559816236258349864e+00 5.495089780708062310e-01
2.566105711040311377e+00 5.442433646315791851e-01
2.572395185822272889e+00 5.389562223602166746e-01
2.578684660604234402e+00 5.336477604021225840e-01
2.584974135386195915e+00 5.283181887460517423e-01
2.591263610168157427e+00 5.229677182158027904e-01
2.597553084950118940e+00 5.175965604618787408e-01
2.603842559732080453e+00 5.122049279531146748e-01
2.610132034514041965e+00 5.067930339682729102e-01
2.616421509296003478e+00 5.013610925876063051e-01
2.622710984077965435e+00 4.959093186843895329e-01
2.629000458859926947e+00 4.904379279164206018e-01
2.635289933641888460e+00 4.849471367174879033e-01
2.641579408423849973e+00 4.794371622888099482e-01
2.647868883205811485e+00 4.739082225904433510e-01
2.654158357987772998e+00 4.683605363326607818e-01
2.660447832769734511e+00 4.627943229672992764e-01
2.666737307551696023e+00 4.572098026790794023e-01
2.673026782333657536e+00 4.516071963768953923e-01
2.679316257115619049e+00 4.459867256850763573e-01
2.685605731897580561e+00 4.403486129346197431e-01
2.691895206679542074e+00 4.346930811543960882e-01
2.698184681461504031e+00 4.290203540623265255e-01
2.704474156243465544e+00 4.233306560565345267e-01
2.710763631025427056e+00 4.176242122064670603e-01
2.717053105807388569e+00 4.119012482439928236e-01
2.723342580589350082e+00 4.061619905544726072e-01
2.729632055371311594e+00 4.004066661678040706e-01
2.735921530153273107e+00 3.946355027494410916e-01
2.742211004935234619e+00 3.888487285913878044e-01
2.748500479717196132e+00 3.830465726031680451e-01
2.754789954499157645e+00 3.772292643027702619e-01
2.761079429281119157e+00 3.713970338075684996e-01
2.767368904063080670e+00 3.655501118252194592e-01
2.773658378845042183e+00 3.596887296445361870e-01
2.779947853627004140e+00 3.538131191263387820e-01
2.786237328408965652e+00 3.479235126942840095e-01
2.792526803190927165e+00 3.420201433256688794e-01
2.798816277972888678e+00 3.361032445422162396e-01
2.805105752754850190e+00 3.301730504008369982e-01
2.811395227536811703e+00 3.242297954843711971e-01
2.817684702318773216e+00 3.182737148923088233e-01
2.823974177100734728e+00 3.123050442314898034e-01
2.830263651882696241e+00 3.063240196067837928e-01
2.836553126664657754e+00 3.003308776117508683e-01
2.842842601446619266e+00 2.943258553192822369e-01
2.849132076228580779e+00 2.883091902722222932e-01
2.855421551010542291e+00 2.822811204739721913e-01
2.861711025792504248e+00 2.762418843790744871e-01
2.868000500574465761e+00 2.701917208837822382e-01
2.874289975356427274e+00 2.641308693166064536e-01
2.880579450138388786e+00 2.580595694288504438e-01
2.886868924920350299e+00 2.519780613851254070e-01
2.893158399702311812e+00 2.458865857538505562e-01
2.899447874484273324e+00 2.397853834977362875e-01
2.905737349266234837e+00 2.336746959642527766e-01
2.912026824048196350e+00 2.275547648760827546e-01
2.918316298830157862e+00 2.214258323215595459e-01
2.924605773612119375e+00 2.152881407450907836e-01
2.930895248394080888e+00 2.091419329375678593e-01
2.937184723176042400e+00 2.029874520267618554e-01
2.943474197958004357e+00 1.968249414677055442e-01
2.949763672739965870e+00 1.906546450330647013e-01
2.956053147521927382e+00 1.844768068034925435e-01
2.962342622303888895e+00 1.782916711579761726e-01
2.968632097085850408e+00 1.720994827641692815e-01
2.974921571867811920e+00 1.659004865687136454e-01
2.981211046649773433e+00 1.596949277875497619e-01
2.987500521431734946e+00 1.534830518962166379e-01
2.993789996213696458e+00 1.472651046201415570e-01
3.000079470995657971e+00 1.410413319249197439e-01
3.006368945777619484e+00 1.348119800065847029e-01
3.012658420559580996e+00 1.285772952818691750e-01
3.018947895341542953e+00 1.223375243784573102e-01
3.025237370123504466e+00 1.160929141252303592e-01
3.031526844905465978e+00 1.098437115425001803e-01
3.037816319687427491e+00 1.035901638322395124e-01
3.044105794469389004e+00 9.733251836830286718e-02
3.050395269251350516e+00 9.107102268664109268e-02
3.056684744033312029e+00 8.480592447550949764e-02
3.062974218815273542e+00 7.853747156566996679e-02
3.069263693597235054e+00 7.226591192058738622e-02
3.075553168379196567e+00 6.599149362662092011e-02
3.081842643161158080e+00 5.971446488321034002e-02
3.088132117943119592e+00 5.343507399305791328e-02
3.094421592725081105e+00 4.715356935230619051e-02
3.100711067507043062e+00 4.087019944071169225e-02
3.107000542289004574e+00 3.458521281181746454e-02
3.113290017070966087e+00 2.829885808311827580e-02
3.119579491852927600e+00 2.201138392622778439e-02
3.125868966634889112e+00 1.572303905704125482e-02
3.132158441416850625e+00 9.434072225897045805e-03
3.138447916198812138e+00 3.144732207736687570e-03
3.144737390980773650e+00 -3.144732207735998451e-03
3.151026865762735163e+00 -9.434072225896357120e-03
3.157316340544696676e+00 -1.572303905704056440e-02
3.163605815326658188e+00 -2.201138392622709397e-02
3.169895290108619701e+00 -2.829885808311758885e-02
3.176184764890581214e+00 -3.458521281181677759e-02
3.182474239672543170e+00 -4.087019944071144939e-02
3.188763714454504683e+00 -4.715356935230550356e-02
3.195053189236466196e+00 -5.343507399305722633e-02
3.201342664018427708e+00 -5.971446488320965307e-02
3.207632138800389221e+00 -6.599149362662022622e-02
3.213921613582350734e+00 -7.226591192058669233e-02
3.220211088364312246e+00 -7.853747156566927290e-02
3.226500563146273759e+00 -8.480592447550881763e-02
3.232790037928235272e+00 -9.107102268664041267e-02
3.239079512710196784e+00 -9.733251836830218717e-02
3.245368987492158297e+00 -1.035901638322388324e-01
3.251658462274119810e+00 -1.098437115424995003e-01
3.257947937056081322e+00 -1.160929141252296792e-01
3.264237411838043279e+00 -1.223375243784570604e-01
3.270526886620004792e+00 -1.285772952818684811e-01
3.276816361401966304e+00 -1.348119800065840090e-01
3.283105836183927817e+00 -1.410413319249190778e-01
3.289395310965889330e+00 -1.472651046201408631e-01
3.295684785747850842e+00 -1.534830518962159440e-01
3.301974260529812355e+00 -1.596949277875490680e-01
3.308263735311773868e+00 -1.659004865687129793e-01
3.314553210093735380e+00 -1.720994827641686153e-01
3.320842684875696893e+00 -1.782916711579755065e-01
3.327132159657658406e+00 -1.844768068034918496e-01
3.333421634439619918e+00 -1.906546450330640352e-01
3.339711109221581431e+00 -1.968249414677048503e-01
3.346000584003543388e+00 -2.029874520267611615e-01
3.352290058785504900e+00 -2.091419329375671654e-01
3.358579533567466413e+00 -2.152881407450900897e-01
3.364869008349427926e+00 -2.214258323215588797e-01
3.371158483131389438e+00 -2.275547648760820885e-01
3.377447957913350951e+00 -2.336746959642521104e-01
3.383737432695312464e+00 -2.397853834977356213e-01
3.390026907477273976e+00 -2.458865857538498900e-01
3.396316382259235489e+00 -2.519780613851247408e-01
3.402605857041197002e+00 -2.580595694288497777e-01
3.408895331823158514e+00 -2.641308693166057875e-01
3.415184806605120027e+00 -2.701917208837815720e-01
3.421474281387081540e+00 -2.762418843790738210e-01
3.427763756169043496e+00 -2.822811204739715252e-01
3.434053230951005009e+00 -2.883091902722216271e-01
3.440342705732966522e+00 -2.943258553192815707e-01
3.446632180514928034e+00 -3.003308776117502021e-01
3.452921655296889547e+00 -3.063240196067831267e-01
3.459211130078851060e+00 -3.123050442314891373e-01
3.465500604860812572e+00 -3.182737148923082127e-01
3.471790079642774085e+00 -3.242297954843705310e-01
3.478079554424735598e+00 -3.301730504008363321e-01
3.484369029206697110e+00 -3.361032445422156290e-01
3.490658503988658623e+00 -3.420201433256682133e-01
3.496947978770620136e+00 -3.479235126942833434e-01
3.503237453552582092e+00 -3.538131191263385600e-01
3.509526928334543605e+00 -3.596887296445355209e-01
3.515816403116505118e+00 -3.655501118252187931e-01
3.522105877898466630e+00 -3.713970338075678890e-01
3.528395352680428143e+00 -3.772292643027696513e-01
3.534684827462389656e+00 -3.830465726031673790e-01
3.540974302244351168e+00 -3.888487285913871383e-01
3.547263777026312681e+00 -3.946355027494404810e-01
3.553553251808274194e+00 -4.004066661678034600e-01
3.559842726590235706e+00 -4.061619905544719966e-01
3.566132201372197219e+00 -4.119012482439922129e-01
3.572421676154158732e+00 -4.176242122064664497e-01
3.578711150936120244e+00 -4.233306560565339161e-01
3.585000625718082201e+00 -4.290203540623263034e-01
3.591290100500043714e+00 -4.346930811543954221e-01
3.597579575282005226e+00 -4.403486129346191325e-01
3.603869050063966739e+00 -4.459867256850757467e-01
3.610158524845928252e+00 -4.516071963768947817e-01
3.616447999627889764e+00 -4.572098026790787917e-01
3.622737474409851277e+00 -4.627943229672986658e-01
3.629026949191812790e+00 -4.683605363326601712e-01
3.635316423973774302e+00 -4.739082225904427403e-01
3.641605898755735815e+00 -4.794371622888093376e-01
3.647895373537697328e+00 -4.849471367174872927e-01
3.654184848319658840e+00 -4.904379279164200467e-01
3.660474323101620353e+00 -4.959093186843889223e-01
3.666763797883582310e+00 -5.013610925876057500e-01
3.673053272665543822e+00 -5.067930339682723551e-01
3.679342747447505335e+00 -5.122049279531141197e-01
3.685632222229466848e+00 -5.175965604618781857e-01
3.691921697011428360e+00 -5.229677182158021242e-01
3.698211171793389873e+00 -5.283181887460510762e-01
3.704500646575351386e+00 -5.336477604021219179e-01
3.710790121357312898e+00 -5.389562223602160085e-01
3.717079596139274411e+00 -5.442433646315786300e-01
3.723369070921235924e+00 -5.495089780708055649e-01
3.729658545703197436e+00 -5.547528543841167004e-01
3.735948020485158949e+00 -5.599747861375948821e-01
3.742237495267120462e+00 -5.651745667653922389e-01
3.748526970049082419e+00 -5.703519905779012023e-01
3.754816444831043931e+00 -5.755068527698897762e-01
3.761105919613005444e+00 -5.806389494286052777e-01
3.767395394394966956e+00 -5.857480775418391072e-01
3.773684869176928469e+00 -5.908340350059577695e-01
3.779974343958889982e+00 -5.958966206338973670e-01
3.786263818740851494e+00 -6.009356341631225673e-01
3.792553293522813007e+00 -6.059508762635478218e-01
3.798842768304774520e+00 -6.109421485454225031e-01
3.805132243086736032e+00 -6.159092535671791824e-01
3.811421717868697545e+00 -6.208519948432431601e-01
3.817711192650659058e+00 -6.257701768518054708e-01
3.824000667432621015e+00 -6.306636050425570295e-01
3.830290142214582527e+00 -6.355320858443839205e-01
3.836579616996544040e+00 -6.403754266730258271e-01
3.842869091778505553e+00 -6.451934359386931606e-01
3.849158566560467065e+00 -6.499859230536464416e-01
3.855448041342428578e+00 -6.547526984397347150e-01
3.861737516124390091e+00 -6.594935735358956608e-01
3.868026990906351603e+00 -6.642083608056137400e-01
3.874316465688313116e+00 -6.688968737443391488e-01
3.880605940470274628e+00 -6.735589268868654722e-01
3.886895415252236141e+00 -6.781943358146659273e-01
3.893184890034197654e+00 -6.828029171631886385e-01
3.899474364816159166e+00 -6.873844886291098355e-01
3.905763839598121123e+00 -6.919388689775460843e-01
3.912053314380082636e+00 -6.964658780492215540e-01
3.918342789162044149e+00 -7.009653367675972024e-01
3.924632263944005661e+00 -7.054370671459528896e-01
3.930921738725967174e+00 -7.098808922944283006e-01
3.937211213507928687e+00 -7.142966364270206814e-01
3.943500688289890199e+00 -7.186841248685380545e-01
3.949790163071851712e+00 -7.230431840615090255e-01
3.956079637853813225e+00 -7.273736415730484017e-01
3.962369112635774737e+00 -7.316753261016779586e-01
3.968658587417736250e+00 -7.359480674841030190e-01
3.974948062199697763e+00 -7.401916967019431803e-01
3.981237536981659275e+00 -7.444060458884185216e-01
3.987527011763621232e+00 -7.485909483349905136e-01
3.993816486545582745e+00 -7.527462384979546339e-01
4.000105961327544257e+00 -7.568717520049915715e-01
4.006395436109505326e+00 -7.609673256616670267e-01
4.012684910891467283e+00 -7.650327974578896573e-01
4.018974385673428351e+00 -7.690680065743161764e-01
4.025263860455390308e+00 -7.730727933887174830e-01
4.031553335237352265e+00 -7.770469994822885029e-01
4.037842810019313333e+00 -7.809904676459171746e-01
4.044132284801275290e+00 -7.849030418864043623e-01
4.050421759583236359e+00 -7.887845674326310341e-01
4.056711234365198315e+00 -7.926348907416846945e-01
4.063000709147159384e+00 -7.964538595049286407e-01
4.069290183929121341e+00 -8.002413226540319169e-01
4.075579658711082409e+00 -8.039971303669400937e-01
4.081869133493044366e+00 -8.077211340738066347e-01
4.088158608275005435e+00 -8.114131864628653101e-01
4.094448083056967391e+00 -8.150731414862619761e-01
4.100737557838928460e+00 -8.187008543658276238e-01
4.107027032620890417e+00 -8.222961815988091283e-01
4.113316507402852373e+00 -8.258589809635431545e-01
4.119605982184813442e+00 -8.293891115250824342e-01
4.125895456966775399e+00 -8.328864336407734159e-01
4.132184931748736467e+00 -8.363508089657758493e-01
4.138474406530698424e+00 -8.397821004585396265e-01
4.144763881312659493e+00 -8.431801723862220044e-01
4.151053356094621449e+00 -8.465448903300604178e-01
4.157342830876582518e+00 -8.498761211906860069e-01
4.163632305658544475e+00 -8.531737331933926249e-01
4.169921780440505543e+00 -8.564375958933454491e-01
4.176211255222467500e+00 -8.596675801807450723e-01
4.182500730004428569e+00 -8.628635582859306430e-01
4.188790204786390525e+00 -8.660254037844384856e-01
4.195079679568352482e+00 -8.691529916019988811e-01
4.201369154350313551e+00 -8.722461980194859965e-01
4.207658629132275507e+00 -8.753049006778128582e-01
4.213948103914236576e+00 -8.783289785827683716e-01
4.220237578696198533e+00 -8.813183121098069339e-01
4.226527053478159601e+00 -8.842727830087774299e-01
4.232816528260121558e+00 -8.871922744086039314e-01
4.239106003042082627e+00 -8.900766708219055579e-01
4.245395477824044583e+00 -8.929258581495683744e-01
4.251684952606005652e+00 -8.957397236852550071e-01
4.257974427387967609e+00 -8.985181561198670730e-01
4.264263902169928677e+00 -9.012610455459443282e-01
4.270553376951890634e+00 -9.039682834620158536e-01
4.276842851733852591e+00 -9.066397627768892908e-01
4.283132326515813659e+00 -9.092753778138882303e-01
4.289421801297775616e+00 -9.118750243150336443e-01
4.295711276079736685e+00 -9.144385994451654787e-01
4.302000750861698641e+00 -9.169660017960132858e-01
4.308290225643659710e+00 -9.194571313902051291e-01
4.314579700425621667e+00 -9.219118896852249723e-01
4.320869175207582735e+00 -9.243301795773081198e-01
4.327158649989544692e+00 -9.267119054052849192e-01
4.333448124771505761e+00 -9.290569729543624033e-01
4.339737599553467717e+00 -9.313652894598539733e-01
4.346027074335428786e+00 -9.336367636108457990e-01
4.352316549117390743e+00 -9.358713055538118164e-01
4.358606023899352699e+00 -9.380688268961657750e-01
4.364895498681313768e+00 -9.402292407097587734e-01
4.371184973463275725e+00 -9.423524615343186195e-01
4.377474448245236793e+00 -9.444384053808286827e-01
4.383763923027198750e+00 -9.464869897348523464e-01
4.390053397809159819e+00 -9.484981335597949537e-01
4.396342872591121775e+00 -9.504717573001114639e-01
4.402632347373082844e+00 -9.524077828844511595e-01
4.408921822155044801e+00 -9.543061337287487289e-01
4.415211296937005869e+00 -9.561667347392507343e-01
4.421500771718967826e+00 -9.579895123154887893e-01
4.427790246500929783e+00 -9.597743943531890087e-01
4.434079721282890851e+00 -9.615213102471252826e-01
4.440369196064852808e+00 -9.632301908939125967e-01
4.446658670846813877e+00 -9.649009686947388476e-01
4.452948145628775833e+00 -9.665335775580412569e-01
4.459237620410736902e+00 -9.681279529021186159e-01
4.465527095192698859e+00 -9.696840316576875729e-01
4.471816569974659927e+00 -9.712017522703760841e-01
4.478106044756621884e+00 -9.726810547031600196e-01
4.484395519538582953e+00 -9.741218804387360430e-01
4.490684994320544909e+00 -9.755241724818386473e-01
4.496974469102505978e+00 -9.768878753614923527e-01
4.503263943884467935e+00 -9.782129351332082834e-01
4.509553418666429891e+00 -9.794992993811164617e-01
4.515842893448390960e+00 -9.807469172200394825e-01
4.522132368230352917e+00 -9.819557392975066801e-01
4.528421843012313985e+00 -9.831257177957041238e-01
4.534711317794275942e+00 -9.842568064333686584e-01
4.541000792576237011e+00 -9.853489604676163305e-01
4.547290267358198967e+00 -9.864021366957145265e-01
4.553579742140160036e+00 -9.874162934567888295e-01
4.559869216922121993e+00 -9.883913906334726995e-01
4.566158691704083061e+00 -9.893273896534934275e-01
4.572448166486045018e+00 -9.902242534911984695e-01
4.578737641268006087e+00 -9.910819466690194979e-01
4.585027116049968043e+00 -9.919004352588768336e-01
4.591316590831930000e+00 -9.926796868835202625e-01
4.597606065613891069e+00 -9.934196707178106767e-01
4.603895540395853025e+00 -9.941203574899392104e-01
4.610185015177814094e+00 -9.947817194825852027e-01
4.616474489959776051e+00 -9.954037305340125430e-01
4.622763964741737119e+00 -9.959863660391042872e-01
4.629053439523699076e+00 -9.965296029503366571e-01
4.635342914305660145e+00 -9.970334197786900887e-01
4.641632389087622101e+00 -9.974977965944996638e-01
4.647921863869583170e+00 -9.979227150282431458e-01
4.654211338651545127e+00 -9.983081582712681756e-01
4.660500813433506195e+00 -9.986541110764564078e-01
4.666790288215468152e+00 -9.989605597588273600e-01
4.673079762997430109e+00 -9.992274921960794254e-01
4.679369237779391177e+00 -9.994548978290692665e-01
4.685658712561353134e+00 -9.996427676622299252e-01
4.691948187343314203e+00 -9.997910942639260945e-01
4.698237662125276159e+00 -9.998998717667488823e-01
4.704527136907237228e+00 -9.999690958677468489e-01
4.710816611689199185e+00 -9.999987638285974256e-01
4.717106086471160253e+00 -9.999888744757140513e-01
4.723395561253122210e+00 -9.999394282002936896e-01
4.729685036035083279e+00 -9.998504269583003978e-01
4.735974510817045235e+00 -9.997218742703887218e-01
4.742263985599006304e+00 -9.995537752217639182e-01
4.748553460380968261e+00 -9.993461364619808940e-01
4.754842935162930218e+00 -9.990989662046815267e-01
4.761132409944891286e+00 -9.988122742272691479e-01
4.767421884726853243e+00 -9.984860718705224070e-01
4.773711359508814311e+00 -9.981203720381462974e-01
4.780000834290776268e+00 -9.977151891962614538e-01
4.786290309072737337e+00 -9.972705393728327206e-01
4.792579783854699293e+00 -9.967864401570343258e-01
4.798869258636660362e+00 -9.962629106985544380e-01
4.805158733418622319e+00 -9.956999717068377720e-01
4.811448208200583387e+00 -9.950976454502661328e-01
4.817737682982545344e+00 -9.944559557552775653e-01
4.824027157764506413e+00 -9.937749280054243295e-01
4.830316632546468369e+00 -9.930545891403677050e-01
4.836606107328430326e+00 -9.922949676548137310e-01
4.842895582110391395e+00 -9.914960935973848866e-01
4.849185056892353352e+00 -9.906579985694317081e-01
4.855474531674314420e+00 -9.897807157237835662e-01
4.861764006456276377e+00 -9.888642797634357162e-01
4.868053481238237445e+00 -9.879087269401781723e-01
4.874342956020199402e+00 -9.869140950531600787e-01
4.880632430802160471e+00 -9.858804234473959038e-01
4.886921905584122428e+00 -9.848077530122081313e-01
4.893211380366083496e+00 -9.836961261796103306e-01
4.899500855148045453e+00 -9.825455869226278338e-01
4.905790329930006521e+00 -9.813561807535596815e-01
4.912079804711968478e+00 -9.801279547221767308e-01
4.918369279493930435e+00 -9.788609574138614766e-01
4.924658754275891503e+00 -9.775552389476863668e-01
4.930948229057853460e+00 -9.762108509744296114e-01
4.937237703839814529e+00 -9.748278466745343707e-01
4.943527178621776486e+00 -9.734062807560027730e-01
4.949816653403737554e+00 -9.719462094522337559e-01
4.956106128185699511e+00 -9.704476905197970682e-01
4.962395602967660579e+00 -9.689107832361497641e-01
4.968685077749622536e+00 -9.673355483972903013e-01
4.974974552531583605e+00 -9.657220483153549084e-01
4.981264027313545562e+00 -9.640703468161507805e-01
4.987553502095506630e+00 -9.623805092366337632e-01
4.993842976877468587e+00 -9.606526024223212001e-01
5.000132451659430544e+00 -9.588866947246498240e-01
5.006421926441391612e+00 -9.570828559982710315e-01
5.012711401223353569e+00 -9.552411575982868719e-01
5.019000876005314637e+00 -9.533616723774295254e-01
5.025290350787276594e+00 -9.514444746831767219e-01
5.031579825569237663e+00 -9.494896403548136465e-01
5.037869300351199620e+00 -9.474972467204298976e-01
5.044158775133160688e+00 -9.454673725938637086e-01
5.050448249915122645e+00 -9.434000982715813333e-01
5.056737724697083713e+00 -9.412955055295035844e-01
5.063027199479045670e+00 -9.391536776197679792e-01
5.069316674261006739e+00 -9.369746992674383712e-01
5.075606149042968696e+00 -9.347586566671511887e-01
5.081895623824930652e+00 -9.325056374797074943e-01
5.088185098606891721e+00 -9.302157308286045367e-01
5.094474573388853678e+00 -9.278890272965094610e-01
5.100764048170814746e+00 -9.255256189216782836e-01
5.107053522952776703e+00 -9.231255991943124739e-01
5.113342997734737772e+00 -9.206890630528634656e-01
5.119632472516699728e+00 -9.182161068802742188e-01
5.125921947298660797e+00 -9.157068285001694896e-01
5.132211422080622754e+00 -9.131613271729834835e-01
5.138500896862583822e+00 -9.105797035920359939e-01
5.144790371644545779e+00 -9.079620598795463682e-01
5.151079846426506847e+00 -9.053084995825970704e-01
5.157369321208468804e+00 -9.026191276690342935e-01
5.163658795990430761e+00 -8.998940505233182785e-01
5.169948270772391830e+00 -8.971333759423143484e-01
5.176237745554353786e+00 -8.943372131310273199e-01
5.182527220336314855e+00 -8.915056726982842905e-01
5.188816695118276812e+00 -8.886388666523560298e-01
5.195106169900237880e+00 -8.857369083965297429e-01
5.201395644682199837e+00 -8.827999127246197730e-01
5.207685119464160906e+00 -8.798279958164297865e-01
5.213974594246122862e+00 -8.768212752331537851e-01
5.220264069028083931e+00 -8.737798699127289348e-01
5.226553543810045888e+00 -8.707039001651277754e-01
5.232843018592006956e+00 -8.675934876676018037e-01
5.239132493373968913e+00 -8.644487554598652146e-01
5.245421968155930870e+00 -8.612698279392309031e-01
5.251711442937891938e+00 -8.580568308556878465e-01
5.258000917719853895e+00 -8.548098913069260840e-01
5.264290392501814964e+00 -8.515291377333116252e-01
5.270579867283776920e+00 -8.482146999128025167e-01
5.276869342065737989e+00 -8.448667089558182797e-01
5.283158816847699946e+00 -8.414852973000503944e-01
5.289448291629661014e+00 -8.380705987052269323e-01
5.295737766411622971e+00 -8.346227482478175697e-01
5.302027241193584040e+00 -8.311418823156940805e-01
5.308316715975545996e+00 -8.276281386027314335e-01
5.314606190757507953e+00 -8.240816561033644794e-01
5.320895665539469022e+00 -8.205025751070877948e-01
5.327185140321430978e+00 -8.168910371929054559e-01
5.333474615103392047e+00 -8.132471852237332932e-01
5.339764089885354004e+00 -8.095711633407441932e-01
5.346053564667315072e+00 -8.058631169576695452e-01
5.352343039449277029e+00 -8.021231927550439567e-01
5.358632514231238098e+00 -7.983515386744063358e-01
5.364921989013200054e+00 -7.945483039124439095e-01
5.371211463795161123e+00 -7.907136389150942746e-01
5.377500938577123080e+00 -7.868476953715902722e-01
5.383790413359084148e+00 -7.829506262084636736e-01
5.390079888141046105e+00 -7.790225855834915780e-01
5.396369362923008062e+00 -7.750637288796017321e-01
5.402658837704969130e+00 -7.710742126987251144e-01
5.408948312486931087e+00 -7.670541948555988920e-01
5.415237787268892156e+00 -7.630038343715277449e-01
5.421527262050854112e+00 -7.589232914680891229e-01
5.427816736832815181e+00 -7.548127275607994235e-01
5.434106211614777138e+00 -7.506723052527245477e-01
5.440395686396738206e+00 -7.465021883280525961e-01
5.446685161178700163e+00 -7.423025417456096120e-01
5.452974635960661232e+00 -7.380735316323395745e-01
5.459264110742623188e+00 -7.338153252767279922e-01
5.465553585524584257e+00 -7.295280911221890818e-01
5.471843060306546214e+00 -7.252119987603977691e-01
5.478132535088508170e+00 -7.208672189245851625e-01
5.484422009870469239e+00 -7.164939234827836234e-01
5.490711484652431196e+00 -7.120922854310256511e-01
5.497000959434392264e+00 -7.076624788865049087e-01
5.503290434216354221e+00 -7.032046790806840697e-01
5.509579908998315290e+00 -6.987190623523680255e-01
5.515869383780277246e+00 -6.942058061407228031e-01
5.522158858562238315e+00 -6.896650889782625082e-01
5.528448333344200272e+00 -6.850970904837812014e-01
5.534737808126161340e+00 -6.805019913552530220e-01
5.541027282908123297e+00 -6.758799733626794648e-01
5.547316757690084366e+00 -6.712312193409034622e-01
5.553606232472046322e+00 -6.665559131823723948e-01
5.559895707254008279e+00 -6.618542398298681295e-01
5.566185182035969348e+00 -6.571263852691890950e-01
5.572474656817931304e+00 -6.523725365217911687e-01
5.578764131599892373e+00 -6.475928816373945907e-01
5.585053606381854330e+00 -6.427876096865395850e-01
5.591343081163815398e+00 -6.379569107531125605e-01
5.597632555945777355e+00 -6.331009759268215742e-01
5.603922030727738424e+00 -6.282199972956430400e-01
5.610211505509700380e+00 -6.233141679382170341e-01
5.616500980291661449e+00 -6.183836819162160658e-01
5.622790455073623406e+00 -6.134287342666622234e-01
5.629079929855584474e+00 -6.084495209942178962e-01
5.635369404637546431e+00 -6.034462390634266482e-01
5.641658879419508388e+00 -5.984190863909270020e-01
5.647948354201469456e+00 -5.933682618376209250e-01
5.654237828983431413e+00 -5.882939652008053466e-01
5.660527303765392482e+00 -5.831963972062739199e-01
5.666816778547354438e+00 -5.780757595003710447e-01
5.673106253329315507e+00 -5.729322546420205775e-01
5.679395728111277464e+00 -5.677660860947081334e-01
5.685685202893238532e+00 -5.625774582184378536e-01
5.691974677675200489e+00 -5.573665762616425434e-01
5.698264152457161558e+00 -5.521336463530710503e-01
5.704553627239123514e+00 -5.468788754936279028e-01
5.710843102021084583e+00 -5.416024715481908558e-01
5.717132576803046540e+00 -5.363046432373830275e-01
5.723422051585008496e+00 -5.309856001293205008e-01
5.729711526366969565e+00 -5.256455526313212889e-01
5.736001001148931522e+00 -5.202847119815792176e-01
5.742290475930892590e+00 -5.149032902408132717e-01
5.748579950712854547e+00 -5.095015002838734208e-01
5.754869425494815616e+00 -5.040795557913253511e-01
5.761158900276777572e+00 -4.986376712409918421e-01
5.767448375058738641e+00 -4.931760618994751599e-01
5.773737849840700598e+00 -4.876949438136349846e-01
5.780027324622661666e+00 -4.821945338020485750e-01
5.786316799404623623e+00 -4.766750494464279120e-01
5.792606274186584692e+00 -4.711367090830188009e-01
5.798895748968546648e+00 -4.655797317939576740e-01
5.805185223750508605e+00 -4.600043373986111850e-01
5.811474698532469674e+00 -4.544107464448780553e-01
5.817764173314431631e+00 -4.487991802004624442e-01
5.824053648096392699e+00 -4.431698606441267785e-01
5.830343122878354656e+00 -4.375230104569046152e-01
5.836632597660315724e+00 -4.318588530132981274e-01
5.842922072442277681e+00 -4.261776123724356768e-01
5.849211547224238750e+00 -4.204795132692151771e-01
5.855501022006200706e+00 -4.147647811054074873e-01
5.861790496788161775e+00 -4.090336419407468171e-01
5.868079971570123732e+00 -4.032863224839817740e-01
5.874369446352084800e+00 -3.975230500839139203e-01
5.880658921134046757e+00 -3.917440527203979173e-01
5.886948395916008714e+00 -3.859495589953289563e-01
5.893237870697969782e+00 -3.801397981235973833e-01
5.899527345479931739e+00 -3.743149999240191761e-01
5.905816820261892808e+00 -3.684753948102506560e-01
5.912106295043854765e+00 -3.626212137816672842e-01
5.918395769825815833e+00 -3.567526884142325772e-01
5.924685244607777790e+00 -3.508700508513309391e-01
5.930974719389738858e+00 -3.449735337945913916e-01
5.937264194171700815e+00 -3.390633704946757199e-01
5.943553668953661884e+00 -3.331397947420585148e-01
5.949843143735623840e+00 -3.272030408577721872e-01
5.956132618517584909e+00 -3.212533436841447099e-01
5.962422093299546866e+00 -3.152909385755031102e-01
5.968711568081508823e+00 -3.093160613888691346e-01
5.975001042863469891e+00 -3.033289484746273246e-01
5.981290517645431848e+00 -2.973298366671726090e-01
5.987579992427392916e+00 -2.913189632755479597e-01
5.993869467209354873e+00 -2.852965660740501841e-01
6.000158941991315942e+00 -2.792628832928308880e-01
6.006448416773277899e+00 -2.732181536084662965e-01
6.012737891555238967e+00 -2.671626161345222461e-01
6.019027366337200924e+00 -2.610965104120887559e-01
6.025316841119161992e+00 -2.550200764003114351e-01
6.031606315901123949e+00 -2.489335544668922207e-01
6.037895790683085906e+00 -2.428371853785873391e-01
6.044185265465046974e+00 -2.367312102916804273e-01
6.050474740247008931e+00 -2.306158707424404430e-01
6.056764215028970000e+00 -2.244914086375733309e-01
6.063053689810931957e+00 -2.183580662446457654e-01
6.069343164592893025e+00 -2.122160861825087008e-01
6.075632639374854982e+00 -2.060657114116929700e-01
6.081922114156816050e+00 -1.999071852248054670e-01
6.088211588938778007e+00 -1.937407512368981288e-01
6.094501063720739076e+00 -1.875666533758380827e-01
6.100790538502701033e+00 -1.813851358726516205e-01
6.107080013284662101e+00 -1.751964432518700043e-01
6.113369488066624058e+00 -1.690008203218496818e-01
6.119658962848586015e+00 -1.627985121650945555e-01
6.125948437630547083e+00 -1.565897641285583786e-01
6.132237912412509040e+00 -1.503748218139369930e-01
6.138527387194470109e+00 -1.441539310679590680e-01
6.144816861976432065e+00 -1.379273379726539406e-01
6.151106336758393134e+00 -1.316952888356244522e-01
6.157395811540355091e+00 -1.254580301802964704e-01
6.163685286322316159e+00 -1.192158087361742530e-01
6.169974761104278116e+00 -1.129688714290733309e-01
6.176264235886239184e+00 -1.067174653713598709e-01
6.182553710668201141e+00 -1.004618378521685146e-01
6.188843185450162210e+00 -9.420223632762729504e-02
6.195132660232124167e+00 -8.793890841106188905e-02
6.201422135014086123e+00 -8.167210186320687793e-02
6.207711609796047192e+00 -7.540206458240229781e-02
6.214001084578009149e+00 -6.912904459478484698e-02
6.220290559359970217e+00 -6.285329004448272916e-02
6.226580034141932174e+00 -5.657504918379272635e-02
6.232869508923893243e+00 -5.029457036336704157e-02
6.239158983705855199e+00 -4.401210202238210745e-02
6.245448458487816268e+00 -3.772789267871810154e-02
6.251737933269778225e+00 -3.144219091912111436e-02
6.258027408051739293e+00 -2.515524538937683949e-02
6.264316882833701250e+00 -1.886730478446767625e-02
6.270606357615662318e+00 -1.257861783874212117e-02
6.276895832397624275e+00 -6.289433316068404611e-03
6.283185307179586232e+00 -2.449293598294706414e-16
