x, y
0.000000000000000000e+00 0.000000000000000000e+00
6.289474781961547356e-03 5.882939652008050135e-01
1.257894956392309471e-02 9.514444746831766109e-01
1.886842434588464207e-02 9.504717573001115749e-01
2.515789912784618942e-02 5.857480775418396624e-01
3.144737390980773678e-02 -3.144732207735998451e-03
3.773684869176928414e-02 -5.908340350059577695e-01
4.402632347373083149e-02 -9.524077828844511595e-01
5.031579825569237885e-02 -9.494896403548136465e-01
5.660527303765392620e-02 -5.831963972062739199e-01
6.289474781961547356e-02 6.289433316067026374e-03
6.918422260157702786e-02 5.933682618376204809e-01
7.547369738353856827e-02 9.533616723774290813e-01
8.176317216550010869e-02 9.484981335597957308e-01
8.805264694746166299e-02 5.806389494286068320e-01
9.434212172942321728e-02 -9.434072225897000702e-03
1.006315965113847577e-01 -5.958966206338964788e-01
1.069210712933462981e-01 -9.543061337287483958e-01
1.132105460753078524e-01 -9.474972467204302307e-01
1.195000208572694067e-01 -5.780757595003719329e-01
1.257894956392309471e-01 1.257861783873961102e-02
1.320789704211924875e-01 5.984190863909256697e-01
1.383684452031540557e-01 9.552411575982869829e-01
1.446579199851155961e-01 9.464869897348529015e-01
1.509473947670771365e-01 5.755068527698911085e-01
1.572368695490386770e-01 -1.572303905703785476e-02
1.635263443310002174e-01 -6.009356341631204579e-01
1.698158191129617856e-01 -9.561667347392505123e-01
1.761052938949233260e-01 -9.454673725938644857e-01
1.823947686768848664e-01 -5.729322546420210216e-01
1.886842434588464346e-01 1.886730478446758258e-02
1.949737182408079750e-01 6.034462390634252049e-01
2.012631930227695154e-01 9.570828559982699213e-01
2.075526678047310558e-01 9.444384053808292379e-01
2.138421425866925962e-01 5.703519905779038668e-01
2.201316173686541644e-01 -2.201138392622636192e-02
2.264210921506157048e-01 -6.059508762635458234e-01
2.327105669325772452e-01 -9.579895123154875680e-01
2.390000417145388134e-01 -9.434000982715822214e-01
2.452895164965003538e-01 -5.677660860947087995e-01
2.515789912784618942e-01 2.515524538937295371e-02
2.578684660604234624e-01 6.084495209942162308e-01
2.641579408423849751e-01 9.588866947246489358e-01
2.704474156243465433e-01 9.423524615343189526e-01
2.767368904063081114e-01 5.651745667653922389e-01
2.830263651882696241e-01 -2.829885808311350184e-02
2.893158399702311923e-01 -6.109421485454207268e-01
2.956053147521927049e-01 -9.597743943531877875e-01
3.018947895341542731e-01 -9.412955055295041396e-01
3.081842643161158413e-01 -5.625774582184378536e-01
3.144737390980773539e-01 3.144219091911432118e-02
3.207632138800389221e-01 6.134287342666582266e-01
3.270526886620004348e-01 9.606526024223193128e-01
3.333421634439620029e-01 9.402292407097592175e-01
3.396316382259235711e-01 5.599747861375975466e-01
3.459211130078850838e-01 -3.458521281181288487e-02
3.522105877898466519e-01 -6.159092535671747415e-01
3.585000625718082201e-01 -9.615213102471252826e-01
3.647895373537697328e-01 -9.391536776197686454e-01
3.710790121357313009e-01 -5.573665762616457631e-01
3.773684869176928691e-01 3.772789267871816399e-02
3.836579616996543818e-01 6.183836819162091825e-01
3.899474364816159500e-01 9.623805092366327640e-01
3.962369112635774626e-01 9.380688268961673293e-01
4.025263860455390308e-01 5.547528543841221405e-01
4.088158608275005990e-01 -4.087019944071086652e-02
4.151053356094621116e-01 -6.208519948432417168e-01
4.213948103914236798e-01 -9.632301908939114865e-01
4.276842851733851925e-01 -9.369746992674401476e-01
4.339737599553467606e-01 -5.521336463530767125e-01
4.402632347373083288e-01 4.401210202237926250e-02
4.465527095192698415e-01 6.233141679382134814e-01
4.528421843012314096e-01 9.640703468161491152e-01
4.591316590831929778e-01 9.358713055538122605e-01
4.654211338651544905e-01 5.495089780708138916e-01
4.717106086471160586e-01 -4.715356935230157615e-02
4.780000834290776268e-01 -6.257701768518013630e-01
4.842895582110391395e-01 -9.649009686947369602e-01
4.905790329930007077e-01 -9.347586566671518549e-01
4.968685077749622203e-01 -5.468788754936307894e-01
5.031579825569237885e-01 5.029457036336040104e-02
5.094474573388853011e-01 6.282199972956364897e-01
5.157369321208469248e-01 9.657220483153540203e-01
5.220264069028084375e-01 9.336367636108475754e-01
5.283158816847699502e-01 5.442433646315838480e-01
5.346053564667315738e-01 -5.343507399305703898e-02
5.408948312486930865e-01 -6.306636050425554751e-01
5.471843060306545992e-01 -9.665335775580384814e-01
5.534737808126162228e-01 -9.325056374797069392e-01
5.597632555945777355e-01 -5.416024715481903007e-01
5.660527303765392482e-01 5.657504918378318537e-02
5.723422051585007608e-01 6.331009759268128034e-01
5.786316799404623845e-01 9.673355483972887470e-01
5.849211547224238972e-01 9.313652894598568599e-01
5.912106295043854098e-01 5.389562223602241131e-01
5.975001042863470335e-01 -5.971446488320612117e-02
6.037895790683085462e-01 -6.355320858443798127e-01
6.100790538502700588e-01 -9.681279529021169505e-01
6.163685286322316825e-01 -9.302157308286049808e-01
6.226580034141931952e-01 -5.363046432373855810e-01
6.289474781961547079e-01 6.285329004446939261e-02
6.352369529781163315e-01 6.379569107531117833e-01
6.415264277600778442e-01 9.689107832361473216e-01
6.478159025420393569e-01 9.290569729543667332e-01
6.541053773240008695e-01 5.336477604021329091e-01
6.603948521059624932e-01 -6.599149362662044827e-02
6.666843268879240059e-01 -6.403754266730246059e-01
6.729738016698855185e-01 -9.696840316576832430e-01
6.792632764518471422e-01 -9.278890272965113484e-01
6.855527512338086549e-01 -5.309856001293263850e-01
6.918422260157701675e-01 6.912904459477570152e-02
6.981317007977317912e-01 6.427876096865311473e-01
7.044211755796933039e-01 9.704476905197939596e-01
7.107106503616548165e-01 9.267119054052903593e-01
7.170001251436164402e-01 5.283181887460528525e-01
7.232895999255779529e-01 -7.226591192058356983e-02
7.295790747075394655e-01 -6.451934359386894968e-01
7.358685494895010892e-01 -9.712017522703746408e-01
7.421580242714626019e-01 -9.255256189216812812e-01
7.484474990534241146e-01 -5.256455526313296156e-01
7.547369738353857382e-01 7.540206458240356069e-02
7.610264486173472509e-01 6.475928816373942576e-01
7.673159233993087636e-01 9.719462094522298701e-01
7.736053981812702762e-01 9.243301795773151142e-01
7.798948729632318999e-01 5.229677182158067872e-01
7.861843477451934126e-01 -7.853747156566280585e-02
7.924738225271549252e-01 -6.499859230536401133e-01
7.987632973091165489e-01 -9.726810547031576881e-01
8.050527720910780616e-01 -9.231255991943170258e-01
8.113422468730395742e-01 -5.202847119815907639e-01
8.176317216550011979e-01 8.167210186320522647e-02
8.239211964369627106e-01 6.523725365217885042e-01
8.302106712189242232e-01 9.734062807560015518e-01
8.365001460008858469e-01 9.219118896852277478e-01
8.427896207828473596e-01 5.175965604618856242e-01
8.490790955648088723e-01 -8.480592447549900603e-02
8.553685703467703849e-01 -6.547526984397259442e-01
8.616580451287320086e-01 -9.741218804387331565e-01
8.679475199106935213e-01 -9.206890630528691277e-01
8.742369946926550339e-01 -5.149032902408274825e-01
8.805264694746166576e-01 8.793890841105646283e-02
8.868159442565781703e-01 6.571263852691836549e-01
8.931054190385396829e-01 9.748278466745323723e-01
8.993948938205013066e-01 9.194571313902093479e-01
9.056843686024628193e-01 5.122049279531244448e-01
9.119738433844243319e-01 -9.107102268662727040e-02
9.182633181663859556e-01 -6.594935735358949946e-01
9.245527929483474683e-01 -9.755241724818380922e-01
9.308422677303089809e-01 -9.182161068802815462e-01
9.371317425122706046e-01 -5.095015002838787499e-01
9.434212172942321173e-01 9.420223632761809407e-02
9.497106920761936300e-01 6.618542398298605800e-01
9.560001668581552536e-01 9.762108509744270579e-01
9.622896416401167663e-01 9.169660017960187259e-01
9.685791164220782790e-01 5.067930339682856777e-01
9.748685912040397916e-01 -9.733251836828571424e-02
9.811580659860014153e-01 -6.642083608056106314e-01
9.874475407679629280e-01 -9.768878753614911314e-01
9.937370155499244406e-01 -9.157068285001723762e-01
1.000026490331886064e+00 -5.040795557913331226e-01
1.006315965113847577e+00 1.004618378521564270e-01
1.012605439895809090e+00 6.665559131823620698e-01
1.018894914677770602e+00 9.775552389476830362e-01
1.025184389459732115e+00 9.144385994451725841e-01
1.031473864241693850e+00 5.013610925876097468e-01
1.037763339023655362e+00 -1.035901638322331703e-01
1.044052813805616875e+00 -6.688968737443335977e-01
1.050342288587578388e+00 -9.782129351332063960e-01
1.056631763369539900e+00 -9.131613271729879244e-01
1.062921238151501413e+00 -4.986376712410029444e-01
1.069210712933463148e+00 1.067174653713581500e-01
1.075500187715424660e+00 6.712312193409009087e-01
1.081789662497386173e+00 9.788609574138605884e-01
1.088079137279347686e+00 9.118750243150361978e-01
1.094368612061309198e+00 4.959093186844085732e-01
1.100658086843270711e+00 -1.098437115424763799e-01
1.106947561625232446e+00 -6.735589268868680257e-01
1.113237036407193958e+00 -9.794992993811166837e-01
1.119526511189155471e+00 -9.105797035920358828e-01
1.125815985971116984e+00 -4.931760618994888157e-01
1.132105460753078496e+00 1.129688714290545820e-01
1.138394935535040009e+00 6.758799733626642547e-01
1.144684410317001522e+00 9.801279547221722899e-01
1.150973885098963256e+00 9.092753778138924492e-01
1.157263359880924769e+00 4.904379279164302607e-01
1.163552834662886282e+00 -1.160929141252173558e-01
1.169842309444847794e+00 -6.781943358146554912e-01
1.176131784226809307e+00 -9.807469172200363738e-01
1.182421259008770820e+00 -9.079620598795538067e-01
1.188710733790732554e+00 -4.876949438136395920e-01
1.195000208572694067e+00 1.192158087361658569e-01
1.201289683354655580e+00 6.805019913552455835e-01
1.207579158136617092e+00 9.813561807535573500e-01
1.213868632918578605e+00 9.066397627768947309e-01
1.220158107700540118e+00 4.849471367175005043e-01
1.226447582482501630e+00 -1.223375243784268762e-01
1.232737057264463365e+00 -6.828029171631861960e-01
1.239026532046424878e+00 -9.819557392975055699e-01
1.245316006828386390e+00 -9.053084995825998460e-01
1.251605481610347903e+00 -4.821945338020557914e-01
1.257894956392309416e+00 1.254580301802711018e-01
1.264184431174270928e+00 6.850970904837612174e-01
1.270473905956232663e+00 9.825455869226277228e-01
1.276763380738194176e+00 9.039682834620169638e-01
1.283052855520155688e+00 4.794371622888255469e-01
1.289342330302117201e+00 -1.285772952818491077e-01
1.295631805084078714e+00 -6.873844886290946254e-01
1.301921279866040226e+00 -9.831257177957000160e-01
1.308210754648001739e+00 -9.026191276690447296e-01
1.314500229429963474e+00 -4.766750494464260246e-01
1.320789704211924986e+00 1.316952888356235085e-01
1.327079178993886499e+00 6.896650889782605098e-01
1.333368653775848012e+00 9.836961261796094425e-01
1.339658128557809524e+00 9.012610455459594272e-01
1.345947603339771037e+00 4.739082225904744927e-01
1.352237078121732772e+00 -1.348119800065754048e-01
1.358526552903694284e+00 -6.919388689775385348e-01
1.364816027685655797e+00 -9.842568064333664379e-01
1.371105502467617310e+00 -8.998940505233243847e-01
1.377394977249578822e+00 -4.711367090830319571e-01
1.383684452031540335e+00 1.379273379726360382e-01
1.389973926813502070e+00 6.942058061407290204e-01
1.396263401595463582e+00 9.848077530122043566e-01
1.402552876377425095e+00 8.985181561198773981e-01
1.408842351159386608e+00 4.683605363326824311e-01
1.415131825941348120e+00 -1.410413319248930708e-01
1.421421300723309633e+00 -6.964658780492014589e-01
1.427710775505271146e+00 -9.853489604676113345e-01
1.434000250287232880e+00 -8.971333759423155696e-01
1.440289725069194393e+00 -4.655797317939616708e-01
1.446579199851155906e+00 1.441539310679514907e-01
1.452868674633117418e+00 6.987190623523612532e-01
1.459158149415078931e+00 9.858804234473940165e-01
1.465447624197040444e+00 8.957397236852607803e-01
1.471737098979002178e+00 4.627943229673113223e-01
1.478026573760963691e+00 -1.472651046201256253e-01
1.484316048542925204e+00 -7.009653367675849900e-01
1.490605523324886716e+00 -9.864021366957114179e-01
1.496894998106848229e+00 -8.943372131310366457e-01
1.503184472888809742e+00 -4.600043373986311690e-01
1.509473947670771476e+00 1.503748218139406012e-01
1.515763422452732989e+00 7.032046790806854020e-01
1.522052897234694502e+00 9.869140950531600787e-01
1.528342372016656014e+00 8.929258581495819191e-01
1.534631846798617527e+00 4.572098026791071579e-01
1.540921321580579040e+00 -1.534830518961833590e-01
1.547210796362540552e+00 -7.054370671459282427e-01
1.553500271144502287e+00 -9.874162934567876082e-01
1.559789745926463800e+00 -8.915056726982885094e-01
1.566079220708425312e+00 -4.544107464448880473e-01
1.572368695490386825e+00 1.565897641285441955e-01
1.578658170272348338e+00 7.076624788864934734e-01
1.584947645054309850e+00 9.879087269401753968e-01
1.591237119836271585e+00 8.900766708219145507e-01
1.597526594618233098e+00 4.516071963769135444e-01
1.603816069400194610e+00 -1.596949277875272521e-01
1.610105544182156123e+00 -7.098808922944115363e-01
1.616395018964117636e+00 -9.883913906334688138e-01
1.622684493746079148e+00 -8.886388666523685753e-01
1.628973968528040661e+00 -4.487991802004885344e-01
1.635263443310002396e+00 1.627985121650915301e-01
1.641552918091963909e+00 7.120922854310222094e-01
1.647842392873925421e+00 9.888642797634347170e-01
1.654131867655886934e+00 8.871922744086078172e-01
1.660421342437848446e+00 4.459867256850848505e-01
1.666710817219809959e+00 -1.659004865686738439e-01
1.673000292001771694e+00 -7.142966364270115776e-01
1.679289766783733207e+00 -9.893273896534913181e-01
1.685579241565694719e+00 -8.857369083965372925e-01
1.691868716347656232e+00 -4.431698606441428767e-01
1.698158191129617745e+00 1.690008203218289207e-01
1.704447665911579257e+00 7.164939234827677472e-01
1.710737140693540770e+00 9.897807157237800135e-01
1.717026615475502505e+00 8.842727830087764307e-01
1.723316090257464017e+00 4.403486129346440014e-01
1.729605565039425530e+00 -1.720994827641402214e-01
1.735895039821387043e+00 -7.186841248685167383e-01
1.742184514603348555e+00 -9.902242534911939176e-01
1.748473989385310068e+00 -8.827999127246358713e-01
1.754763464167271803e+00 -4.375230104569113876e-01
1.761052938949233315e+00 1.751964432518595127e-01
1.767342413731194828e+00 7.208672189245771689e-01
1.773631888513156341e+00 9.906579985694299317e-01
1.779921363295117853e+00 8.813183121098140393e-01
1.786210838077079366e+00 4.346930811544106321e-01
1.792500312859041101e+00 -1.782916711579578262e-01
1.798789787641002613e+00 -7.230431840614953698e-01
1.805079262422964126e+00 -9.910819466690167223e-01
1.811368737204925639e+00 -8.798279958164406667e-01
1.817658211986887151e+00 -4.318588530133203318e-01
1.823947686768848664e+00 1.813851358726243090e-01
1.830237161550810177e+00 7.252119987603773410e-01
1.836526636332771911e+00 9.914960935973844425e-01
1.842816111114733424e+00 8.783289785827705920e-01
1.849105585896694937e+00 4.290203540623316880e-01
1.855395060678656449e+00 -1.844768068034848829e-01
1.861684535460617962e+00 -7.273736415730227556e-01
1.867974010242579475e+00 -9.919004352588718376e-01
1.874263485024541209e+00 -8.768212752331597803e-01
1.880552959806502722e+00 -4.261776123724485554e-01
1.886842434588464235e+00 1.875666533758210131e-01
1.893131909370425747e+00 7.295280911221759812e-01
1.899421384152387260e+00 9.922949676548111775e-01
1.905710858934348773e+00 8.753049006778234054e-01
1.912000333716310507e+00 4.233306560565556764e-01
1.918289808498272020e+00 -1.906546450330398046e-01
1.924579283280233533e+00 -7.316753261016599730e-01
1.930868758062195045e+00 -9.926796868835168208e-01
1.937158232844156558e+00 -8.737798699127433677e-01
1.943447707626118071e+00 -4.204795132692435988e-01
1.949737182408079583e+00 1.937407512368642948e-01
1.956026657190041318e+00 7.338153252767227741e-01
1.962316131972002831e+00 9.930545891403665948e-01
1.968605606753964343e+00 8.722461980194915476e-01
1.974895081535925856e+00 4.176242122064784401e-01
1.981184556317887369e+00 -1.968249414676913056e-01
1.987474031099848881e+00 -7.359480674840924719e-01
1.993763505881810616e+00 -9.934196707178086783e-01
2.000052980663772129e+00 -8.707039001651372123e-01
2.006342455445733641e+00 -4.147647811054265277e-01
2.012631930227695154e+00 1.999071852247818748e-01
2.018921405009656667e+00 7.380735316323221440e-01
2.025210879791618179e+00 9.937749280054212209e-01
2.031500354573579692e+00 8.691529916020129809e-01
2.037789829355541205e+00 4.119012482440201905e-01
2.044079304137502717e+00 -2.029874520267300197e-01
2.050368778919464230e+00 -7.401916967019208649e-01
2.056658253701426187e+00 -9.941203574899385442e-01
2.062947728483387699e+00 -8.675934876676056895e-01
2.069237203265349212e+00 -4.090336419407555879e-01
2.075526678047310725e+00 2.060657114116804800e-01
2.081816152829272237e+00 7.423025417455998420e-01
2.088105627611233750e+00 9.944559557552758999e-01
2.094395102393195263e+00 8.660254037844474784e-01
2.100684577175156775e+00 4.061619905544901488e-01
2.106974051957118288e+00 -2.091419329375466818e-01
2.113263526739079801e+00 -7.444060458884036446e-01
2.119553001521041313e+00 -9.947817194825827603e-01
2.125842476303002826e+00 -8.644487554598782042e-01
2.132131951084964339e+00 -4.032863224840330663e-01
2.138421425866926295e+00 2.122160861825063971e-01
2.144710900648887808e+00 7.465021883280498205e-01
2.151000375430849321e+00 9.950976454502655777e-01
2.157289850212810833e+00 8.628635582859345288e-01
2.163579324994772346e+00 4.004066661678117311e-01
2.169868799776733859e+00 -2.152881407450802365e-01
2.176158274558695371e+00 -7.485909483349826310e-01
2.182447749340656884e+00 -9.954037305340085462e-01
2.188737224122618397e+00 -8.612698279392531076e-01
2.195026698904579909e+00 -3.975230500839549985e-01
2.201316173686541422e+00 2.183580662445990250e-01
2.207605648468502935e+00 7.506723052526917961e-01
2.213895123250464891e+00 9.956999717068382161e-01
2.220184598032426404e+00 8.596675801807431849e-01
2.226474072814387917e+00 3.946355027494387602e-01
2.232763547596349429e+00 -2.214258323215596014e-01
2.239053022378310942e+00 -7.527462384979539678e-01
2.245342497160272455e+00 -9.959863660391015117e-01
2.251631971942233967e+00 -8.580568308557046109e-01
2.257921446724195480e+00 -3.917440527204295031e-01
2.264210921506156993e+00 2.244914086375368045e-01
2.270500396288118505e+00 7.548127275607736664e-01
2.276789871070080018e+00 9.962629106985508853e-01
2.283079345852041531e+00 8.564375958933675426e-01
2.289368820634003043e+00 3.888487285914278280e-01
2.295658295415965000e+00 -2.275547648760657127e-01
2.301947770197926513e+00 -7.568717520049794700e-01
2.308237244979888025e+00 -9.965296029503349917e-01
2.314526719761849538e+00 -8.548098913069376303e-01
2.320816194543811051e+00 -3.859495589953509942e-01
2.327105669325772563e+00 2.306158707424149634e-01
2.333395144107734076e+00 7.589232914680709152e-01
2.339684618889695589e+00 9.967864401570318833e-01
2.345974093671657101e+00 8.531737331934090562e-01
2.352263568453618614e+00 3.830465726031981322e-01
2.358553043235580127e+00 -2.336746959642186927e-01
2.364842518017541639e+00 -7.609673256616439341e-01
2.371131992799503152e+00 -9.970334197786872021e-01
2.377421467581465109e+00 -8.515291377333173983e-01
2.383710942363426621e+00 -3.801397981236090406e-01
2.390000417145388134e+00 2.367312102916651062e-01
2.396289891927349647e+00 7.630038343715164206e-01
2.402579366709311159e+00 9.972705393728313883e-01
2.408868841491272672e+00 8.498761211906972202e-01
2.415158316273234185e+00 3.772292643027904124e-01
2.421447791055195697e+00 -2.397853834977127785e-01
2.427737265837157210e+00 -7.650327974578734480e-01
2.434026740619118723e+00 -9.974977965944977765e-01
2.440316215401080235e+00 -8.482146999128177267e-01
2.446605690183041748e+00 -3.743149999240475978e-01
2.452895164965003261e+00 2.428371853785278867e-01
2.459184639746965217e+00 7.670541948555948952e-01
2.465474114528926730e+00 9.977151891962610097e-01
2.471763589310888243e+00 8.465448903300656358e-01
2.478053064092849755e+00 3.713970338075786026e-01
2.484342538874811268e+00 -2.458865857538375943e-01
2.490632013656772781e+00 -7.690680065743072946e-01
2.496921488438734293e+00 -9.979227150282421466e-01
2.503210963220695806e+00 -8.448667089558276055e-01
2.509500438002657319e+00 -3.684753948102685861e-01
2.515789912784618831e+00 2.489335544668429268e-01
2.522079387566580344e+00 7.710742126986915856e-01
2.528368862348541857e+00 9.981203720381429667e-01
2.534658337130503369e+00 8.431801723862522024e-01
2.540947811912465326e+00 3.655501118252194592e-01
2.547237286694426839e+00 -2.519780613851230200e-01
2.553526761476388351e+00 -7.730727933887151515e-01
2.559816236258349864e+00 -9.983081582712678426e-01
2.566105711040311377e+00 -8.414852973000696013e-01
2.572395185822272889e+00 -3.626212137817020342e-01
2.578684660604234402e+00 2.550200764002722442e-01
2.584974135386195915e+00 7.750637288795755309e-01
2.591263610168157427e+00 9.984860718705200755e-01
2.597553084950118940e+00 8.397821004585640514e-01
2.603842559732080453e+00 3.596887296445790971e-01
2.610132034514041965e+00 -2.580595694288035924e-01
2.616421509296003478e+00 -7.770469994822569726e-01
2.622710984077965435e+00 -9.986541110764567408e-01
2.629000458859926947e+00 -8.380705987052247119e-01
2.635289933641888460e+00 -3.567526884142303012e-01
2.641579408423849973e+00 2.610965104120880342e-01
2.647868883205811485e+00 7.790225855834899127e-01
2.654158357987772998e+00 9.988122742272689258e-01
2.660447832769734511e+00 8.363508089657791800e-01
2.666737307551696023e+00 3.538131191263454989e-01
2.673026782333657536e+00 -2.641308693165975718e-01
2.679316257115619049e+00 -7.809904676458752082e-01
2.685605731897580561e+00 -9.989605597588242514e-01
2.691895206679542074e+00 -8.346227482478565385e-01
2.698184681461504031e+00 -3.508700508513455385e-01
2.704474156243465544e+00 2.671626161345041495e-01
2.710763631025427056e+00 7.829506262084509061e-01
2.717053105807388569e+00 9.990989662046805275e-01
2.723342580589350082e+00 8.328864336407862945e-01
2.729632055371311594e+00 3.479235126943072132e-01
2.735921530153273107e+00 -2.701917208837564810e-01
2.742211004935234619e+00 -7.849030418863868208e-01
2.748500479717196132e+00 -9.992274921960782041e-01
2.754789954499157645e+00 -8.311418823157112890e-01
2.761079429281119157e+00 -3.449735337946220892e-01
2.767368904063080670e+00 2.732181536084317686e-01
2.773658378845042183e+00 7.868476953715670685e-01
2.779947853627004140e+00 9.993461364619815601e-01
2.786237328408965652e+00 8.293891115251054158e-01
2.792526803190927165e+00 3.420201433257086254e-01
2.798816277972888678e+00 -2.762418843790318546e-01
2.805105752754850190e+00 -7.887845674326031675e-01
2.811395227536811703e+00 -9.994548978290677121e-01
2.817684702318773216e+00 -8.276281386027589670e-01
2.823974177100734728e+00 -3.390633704947234595e-01
2.830263651882696241e+00 2.792628832927791516e-01
2.836553126664657754e+00 7.907136389150601907e-01
2.842842601446619266e+00 9.995537752217621419e-01
2.849132076228580779e+00 8.258589809635760171e-01
2.855421551010542291e+00 3.361032445422726389e-01
2.861711025792504248e+00 -2.822811204739669177e-01
2.868000500574465761e+00 -7.926348907416806977e-01
2.874289975356427274e+00 -9.996427676622297032e-01
2.880579450138388786e+00 -8.240816561033702525e-01
2.886868924920350299e+00 -3.331397947420688954e-01
2.893158399702311812e+00 2.852965660740365839e-01
2.899447874484273324e+00 7.945483039124342506e-01
2.905737349266234837e+00 9.997218742703882777e-01
2.912026824048196350e+00 8.222961815988202305e-01
2.918316298830157862e+00 3.301730504008564271e-01
2.924605773612119375e+00 -2.883091902722001998e-01
2.930895248394080888e+00 -7.964538595049143188e-01
2.937184723176042400e+00 -9.997910942639256504e-01
2.943474197958004357e+00 -8.205025751071034490e-01
2.949763672739965870e+00 -3.272030408577996097e-01
2.956053147521927382e+00 2.913189632755172065e-01
2.962342622303888895e+00 7.983515386743859077e-01
2.968632097085850408e+00 9.998504269582998427e-01
2.974921571867811920e+00 8.187008543658491622e-01
2.981211046649773433e+00 3.242297954844072794e-01
2.987500521431734946e+00 -2.943258553192433791e-01
2.993789996213696458e+00 -8.002413226540069369e-01
3.000079470995657971e+00 -9.998998717667482161e-01
3.006368945777619484e+00 -8.168910371929316572e-01
3.012658420559580996e+00 -3.212533436841884527e-01
3.018947895341542953e+00 2.973298366671798254e-01
3.025237370123504466e+00 8.021231927550473984e-01
3.031526844905465978e+00 9.999394282002936896e-01
3.037816319687427491e+00 8.150731414862607549e-01
3.044105794469389004e+00 3.182737148923077686e-01
3.050395269251350516e+00 -3.003308776117495915e-01
3.056684744033312029e+00 -8.039971303669051217e-01
3.062974218815273542e+00 -9.999690958677464048e-01
3.069263693597235054e+00 -8.132471852237697085e-01
3.075553168379196567e+00 -3.152909385755639504e-01
3.081842643161158080e+00 3.033289484745632092e-01
3.088132117943119592e+00 8.058631169576286890e-01
3.094421592725081105e+00 9.999888744757137182e-01
3.100711067507043062e+00 8.114131864628745250e-01
3.107000542289004574e+00 3.123050442315054021e-01
3.113290017070966087e+00 -3.063240196067658072e-01
3.119579491852927600e+00 -8.077211340737948664e-01
3.125868966634889112e+00 -9.999987638285974256e-01
3.132158441416850625e+00 -8.095711633407579599e-01
3.138447916198812138e+00 -3.093160613888932264e-01
3.144737390980773650e+00 3.093160613888429333e-01
3.151026865762735163e+00 8.095711633407268737e-01
3.157316340544696676e+00 9.999987638285974256e-01
3.163605815326658188e+00 8.077211340738260636e-01
3.169895290108619701e+00 3.063240196068161558e-01
3.176184764890581214e+00 -3.123050442314551089e-01
3.182474239672543170e+00 -8.114131864628436608e-01
3.188763714454504683e+00 -9.999888744757142733e-01
3.195053189236466196e+00 -8.058631169576936371e-01
3.201342664018427708e+00 -3.033289484746677922e-01
3.207632138800389221e+00 3.152909385754598115e-01
3.213921613582350734e+00 8.132471852237057597e-01
3.220211088364312246e+00 9.999690958677472929e-01
3.226500563146273759e+00 8.039971303669704028e-01
3.232790037928235272e+00 3.003308776118000512e-01
3.239079512710196784e+00 -3.182737148922575865e-01
3.245368987492158297e+00 -8.150731414862301127e-01
3.251658462274119810e+00 -9.999394282002943557e-01
3.257947937056081322e+00 -8.021231927550790397e-01
3.264237411838043279e+00 -2.973298366671761062e-01
3.270526886620004792e+00 3.212533436841383261e-01
3.276816361401966304e+00 8.168910371929011260e-01
3.283105836183927817e+00 9.998998717667489933e-01
3.289395310965889330e+00 8.002413226540386892e-01
3.295684785747850842e+00 2.943258553192939497e-01
3.301974260529812355e+00 -3.242297954843572083e-01
3.308263735311773868e+00 -8.187008543658187421e-01
3.314553210093735380e+00 -9.998504269583007309e-01
3.320842684875696893e+00 -7.983515386744177711e-01
3.327132159657658406e+00 -2.913189632756221781e-01
3.333421634439619918e+00 3.272030408576959148e-01
3.339711109221581431e+00 8.205025751070407214e-01
3.346000584003543388e+00 9.997910942639267606e-01
3.352290058785504900e+00 7.964538595049462932e-01
3.358579533567466413e+00 2.883091902722508815e-01
3.364869008349427926e+00 -3.301730504008064671e-01
3.371158483131389438e+00 -8.222961815987901435e-01
3.377447957913350951e+00 -9.997218742703896099e-01
3.383737432695312464e+00 -7.945483039124663360e-01
3.390026907477273976e+00 -2.852965660740872655e-01
3.396316382259235489e+00 3.331397947420189909e-01
3.402605857041197002e+00 8.240816561033402765e-01
3.408895331823158514e+00 9.996427676622311465e-01
3.415184806605120027e+00 7.926348907417128942e-01
3.421474281387081540e+00 2.822811204740176549e-01
3.427763756169043496e+00 -3.361032445422227899e-01
3.434053230951005009e+00 -8.258589809635461521e-01
3.440342705732966522e+00 -9.995537752217638072e-01
3.446632180514928034e+00 -7.907136389151273592e-01
3.452921655296889547e+00 -2.792628832928845672e-01
3.459211130078851060e+00 3.390633704946202087e-01
3.465500604860812572e+00 8.276281386026973497e-01
3.471790079642774085e+00 9.994548978290713759e-01
3.478079554424735598e+00 7.887845674326706691e-01
3.484369029206697110e+00 2.762418843791373813e-01
3.490658503988658623e+00 -3.420201433256054857e-01
3.496947978770620136e+00 -8.293891115250441315e-01
3.503237453552582092e+00 -9.993461364619813381e-01
3.509526928334543605e+00 -7.868476953715997091e-01
3.515816403116505118e+00 -2.732181536084826723e-01
3.522105877898466630e+00 3.449735337945724623e-01
3.528395352680428143e+00 8.311418823156818680e-01
3.534684827462389656e+00 9.992274921960803136e-01
3.540974302244351168e+00 7.849030418864196834e-01
3.547263777026312681e+00 2.701917208838074402e-01
3.553553251808274194e+00 -3.479235126942575862e-01
3.559842726590235706e+00 -8.328864336407569846e-01
3.566132201372197219e+00 -9.990989662046828590e-01
3.572421676154158732e+00 -7.829506262084838797e-01
3.578711150936120244e+00 -2.671626161345551642e-01
3.585000625718082201e+00 3.508700508512960226e-01
3.591290100500043714e+00 8.346227482477960313e-01
3.597579575282005226e+00 9.989605597588292474e-01
3.603869050063966739e+00 7.809904676459438200e-01
3.610158524845928252e+00 2.641308693166486421e-01
3.616447999627889764e+00 -3.538131191262959829e-01
3.622737474409851277e+00 -8.363508089657500921e-01
3.629026949191812790e+00 -9.988122742272715904e-01
3.635316423973774302e+00 -7.790225855835231084e-01
3.641605898755735815e+00 -2.610965104121391045e-01
3.647895373537697328e+00 3.567526884141808963e-01
3.654184848319658840e+00 8.380705987051958461e-01
3.660474323101620353e+00 9.986541110764595164e-01
3.666763797883582310e+00 7.770469994822902793e-01
3.673053272665543822e+00 2.580595694288547182e-01
3.679342747447505335e+00 -3.596887296445297477e-01
3.685632222229466848e+00 -8.397821004585352966e-01
3.691921697011428360e+00 -9.984860718705229621e-01
3.698211171793389873e+00 -7.750637288796090596e-01
3.704500646575351386e+00 -2.550200764003234255e-01
3.710790121357312898e+00 3.626212137816527403e-01
3.717079596139274411e+00 8.414852973000103153e-01
3.723369070921235924e+00 9.983081582712726165e-01
3.729658545703197436e+00 7.730727933887667769e-01
3.735948020485158949e+00 2.519780613852017348e-01
3.742237495267120462e+00 -3.655501118251437420e-01
3.748526970049082419e+00 -8.431801723862085707e-01
3.754816444831043931e+00 -9.981203720381479627e-01
3.761105919613005444e+00 -7.710742126987433220e-01
3.767395394394966956e+00 -2.489335544669217248e-01
3.773684869176928469e+00 3.684753948102194032e-01
3.779974343958889982e+00 8.448667089557992949e-01
3.786263818740851494e+00 9.979227150282455883e-01
3.792553293522813007e+00 7.690680065743411564e-01
3.798842768304774520e+00 2.458865857538888866e-01
3.805132243086736032e+00 -3.713970338075294753e-01
3.811421717868697545e+00 -8.465448903300374361e-01
3.817711192650659058e+00 -9.977151891962645625e-01
3.824000667432621015e+00 -7.670541948556287570e-01
3.830290142214582527e+00 -2.428371853786343570e-01
3.836579616996544040e+00 3.743149999239721581e-01
3.842869091778505553e+00 8.482146999127746501e-01
3.849158566560467065e+00 9.974977965945035496e-01
3.855448041342428578e+00 7.650327974579258505e-01
3.861737516124390091e+00 2.397853834977917431e-01
3.868026990906351603e+00 -3.772292643027150838e-01
3.874316465688313116e+00 -8.498761211906542545e-01
3.880605940470274628e+00 -9.972705393728373835e-01
3.886895415252236141e+00 -7.630038343715690452e-01
3.893184890034197654e+00 -2.367312102917441263e-01
3.899474364816159166e+00 3.801397981235338230e-01
3.905763839598121123e+00 8.515291377333045197e-01
3.912053314380082636e+00 9.970334197786913100e-01
3.918342789162044149e+00 7.609673256616782400e-01
3.924632263944005661e+00 2.336746959642701515e-01
3.930921738725967174e+00 -3.830465726031492268e-01
3.937211213507928687e+00 -8.531737331933815227e-01
3.943500688289890199e+00 -9.967864401570361021e-01
3.949790163071851712e+00 -7.589232914681053321e-01
3.956079637853813225e+00 -2.306158707424664500e-01
3.962369112635774737e+00 3.859495589953021999e-01
3.968658587417736250e+00 8.548098913069102078e-01
3.974948062199697763e+00 9.965296029503394326e-01
3.981237536981659275e+00 7.568717520050139980e-01
3.987527011763621232e+00 2.275547648761172548e-01
3.993816486545582745e+00 -3.888487285913528879e-01
4.000105961327544257e+00 -8.564375958933255761e-01
4.006395436109505326e+00 -9.962629106985628757e-01
4.012684910891467283e+00 -7.548127275608269571e-01
4.018974385673428351e+00 -2.244914086376714468e-01
4.025263860455390308e+00 3.917440527203546741e-01
4.031553335237352265e+00 8.580568308556919543e-01
4.037842810019313333e+00 9.959863660391088391e-01
4.044132284801275290e+00 7.527462384979513033e-01
4.050421759583236359e+00 2.214258323216111990e-01
4.056711234365198315e+00 -3.946355027494423684e-01
4.063000709147159384e+00 -8.596675801807160955e-01
4.069290183929121341e+00 -9.956999717068378830e-01
4.075579658711082409e+00 -7.506723052527642936e-01
4.081869133493044366e+00 -2.183580662446506782e-01
4.088158608275005435e+00 3.975230500838543013e-01
4.094448083056967391e+00 8.612698279391973744e-01
4.100737557838928460e+00 9.954037305340189823e-01
4.107027032620890417e+00 7.485909483350364768e-01
4.113316507402852373e+00 2.152881407451041618e-01
4.119605982184813442e+00 -4.004066661677371797e-01
4.125895456966775399e+00 -8.628635582859222053e-01
4.132184931748736467e+00 -9.950976454502735713e-01
4.138474406530698424e+00 -7.465021883280661408e-01
4.144763881312659493e+00 -2.122160861825858891e-01
4.151053356094621449e+00 4.032863224839586258e-01
4.157342830876582518e+00 8.644487554598230261e-01
4.163632305658544475e+00 9.947817194825882003e-01
4.169921780440505543e+00 7.444060458884769194e-01
4.176211255222467500e+00 2.091419329375984182e-01
4.182500730004428569e+00 -4.061619905543898401e-01
4.188790204786390525e+00 -8.660254037844210551e-01
4.195079679568352482e+00 -9.944559557552754558e-01
4.201369154350313551e+00 -7.423025417456352582e-01
4.207658629132275507e+00 -2.060657114116766220e-01
4.213948103914236576e+00 4.090336419407072932e-01
4.220237578696198533e+00 8.675934876675793772e-01
4.226527053478159601e+00 9.941203574899442064e-01
4.232816528260121558e+00 7.401916967019754878e-01
4.239106003042082627e+00 2.029874520268096505e-01
4.245395477824044583e+00 -4.119012482439460832e-01
4.251684952606005652e+00 -8.691529916019726798e-01
4.257974427387967609e+00 -9.937749280054303247e-01
4.264263902169928677e+00 -7.380735316324154027e-01
4.270553376951890634e+00 -1.999071852248615888e-01
4.276842851733852591e+00 4.147647811054042122e-01
4.283132326515813659e+00 8.707039001650972443e-01
4.289421801297775616e+00 9.934196707178114538e-01
4.295711276079736685e+00 7.359480674841475389e-01
4.302000750861698641e+00 1.968249414677153419e-01
4.308290225643659710e+00 -4.176242122064044993e-01
4.314579700425621667e+00 -8.722461980194796682e-01
4.320869175207582735e+00 -9.930545891403761427e-01
4.327158649989544692e+00 -7.338153252767393164e-01
4.333448124771505761e+00 -1.937407512369719587e-01
4.339737599553467717e+00 4.204795132691955817e-01
4.346027074335428786e+00 8.737798699126899660e-01
4.352316549117390743e+00 9.926796868835231491e-01
4.358606023899352699e+00 7.316753261016960552e-01
4.364895498681313768e+00 1.906546450331475517e-01
4.371184973463275725e+00 -4.233306560565077703e-01
4.377474448245236793e+00 -8.753049006777703367e-01
4.383763923027198750e+00 -9.922949676548177278e-01
4.390053397809159819e+00 -7.295280911222511433e-01
4.396342872591121775e+00 -1.875666533758729992e-01
4.402632347373082844e+00 4.261776123723492460e-01
4.408921822155044801e+00 8.768212752331342452e-01
4.415211296937005869e+00 9.919004352588893791e-01
4.421500771718967826e+00 7.273736415730785998e-01
4.427790246500929783e+00 1.844768068034810249e-01
4.434079721282890851e+00 -4.290203540622838929e-01
4.440369196064852808e+00 -8.783289785827724794e-01
4.446658670846813877e+00 -9.914960935973913259e-01
4.452948145628775833e+00 -7.252119987603942164e-01
4.459237620410736902e+00 -1.813851358727043006e-01
4.465527095192698859e+00 4.318588530132982384e-01
4.471816569974659927e+00 8.798279958164020309e-01
4.478106044756621884e+00 9.910819466690199420e-01
4.484395519538582953e+00 7.230431840615515471e-01
4.490684994320544909e+00 1.782916711580378455e-01
4.496974469102505978e+00 -4.346930811543373574e-01
4.503263943884467935e+00 -8.813183121097756256e-01
4.509553418666429891e+00 -9.906579985694332624e-01
4.515842893448390960e+00 -7.208672189246335682e-01
4.522132368230352917e+00 -1.751964432518836323e-01
4.528421843012313985e+00 4.375230104568382239e-01
4.534711317794275942e+00 8.827999127246110023e-01
4.541000792576237011e+00 9.902242534912092387e-01
4.547290267358198967e+00 7.186841248685535977e-01
4.553579742140160036e+00 1.720994827642483294e-01
4.559869216922121993e+00 -4.403486129345964839e-01
4.566158691704083061e+00 -8.842727830087384611e-01
4.572448166486045018e+00 -9.897807157237875630e-01
4.578737641268006087e+00 -7.164939234828443526e-01
4.585027116049968043e+00 -1.690008203218810734e-01
4.591316590831930000e+00 4.431698606440954147e-01
4.597606065613891069e+00 8.857369083965126455e-01
4.603895540395853025e+00 9.893273896534990897e-01
4.610185015177814094e+00 7.142966364270486590e-01
4.616474489959776051e+00 1.659004865687540575e-01
4.622763964741737119e+00 -4.459867256850374995e-01
4.629053439523699076e+00 -8.871922744085833923e-01
4.635342914305660145e+00 -9.888642797634511483e-01
4.641632389087622101e+00 -7.120922854310594019e-01
4.647921863869583170e+00 -1.627985121651998324e-01
4.654211338651545127e+00 4.487991802004158703e-01
4.660500813433506195e+00 8.886388666523051816e-01
4.666790288215468152e+00 9.883913906334812483e-01
4.673079762997430109e+00 7.098808922944287447e-01
4.679369237779391177e+00 1.596949277876075490e-01
4.685658712561353134e+00 -4.516071963768916731e-01
4.691948187343314203e+00 -8.900766708218774692e-01
4.698237662125276159e+00 -9.879087269401791715e-01
4.704527136907237228e+00 -7.076624788865509830e-01
4.710816611689199185e+00 -1.565897641285683706e-01
4.717106086471160253e+00 4.544107464448156053e-01
4.723395561253122210e+00 8.915056726982774071e-01
4.729685036035083279e+00 9.874162934568004868e-01
4.735974510817045235e+00 7.054370671459657682e-01
4.742263985599006304e+00 1.534830518962918278e-01
4.748553460380968261e+00 -4.572098026790600844e-01
4.754842935162930218e+00 -8.929258581495580493e-01
4.761132409944891286e+00 -9.869140950531731793e-01
4.767421884726853243e+00 -7.032046790807028325e-01
4.773711359508814311e+00 -1.503748218140210091e-01
4.780000834290776268e+00 4.600043373985842066e-01
4.786290309072737337e+00 8.943372131309874629e-01
4.792579783854699293e+00 9.864021366957200776e-01
4.798869258636660362e+00 7.009653367676632607e-01
4.805158733418622319e+00 1.472651046201779723e-01
4.811448208200583387e+00 -4.627943229672140668e-01
4.817737682982545344e+00 -8.957397236852372435e-01
4.824027157764506413e+00 -9.858804234474124462e-01
4.830316632546468369e+00 -6.987190623523991118e-01
4.836606107328430326e+00 -1.441539310679476049e-01
4.842895582110391395e+00 4.655797317939148194e-01
4.849185056892353352e+00 8.971333759423173460e-01
4.855474531674314420e+00 9.853489604676252123e-01
4.861764006456276377e+00 6.964658780492598567e-01
4.868053481238237445e+00 1.410413319249735897e-01
4.874342956020199402e+00 -4.683605363326105442e-01
4.880632430802160471e+00 -8.985181561198416489e-01
4.886921905584122428e+00 -9.848077530122184564e-01
4.893211380366083496e+00 -6.942058061407671010e-01
4.899500855148045453e+00 -1.379273379727166127e-01
4.905790329930006521e+00 4.711367090829100546e-01
4.912079804711968478e+00 8.998940505232888576e-01
4.918369279493930435e+00 9.842568064333707678e-01
4.924658754275891503e+00 6.919388689775971546e-01
4.930948229057853460e+00 1.348119800065996632e-01
4.937237703839814529e+00 -4.739082225903778478e-01
4.943527178621776486e+00 -9.012610455459364456e-01
4.949816653403737554e+00 -9.836961261796240974e-01
4.956106128185699511e+00 -6.896650889782782734e-01
4.962395602967660579e+00 -1.316952888357041385e-01
4.968685077749622536e+00 4.766750494464044863e-01
4.974974552531583605e+00 9.026191276689975451e-01
4.981264027313545562e+00 9.831257177957096749e-01
4.987553502095506630e+00 6.873844886291744505e-01
4.993842976877468587e+00 1.285772952819015658e-01
5.000132451659430544e+00 -4.794371622887790840e-01
5.006421926441391612e+00 -9.039682834620004215e-01
5.012711401223353569e+00 -9.825455869226349392e-01
5.019000876005314637e+00 -6.850970904838101783e-01
5.025290350787276594e+00 -1.254580301803376874e-01
5.031579825569237663e+00 4.821945338019596461e-01
5.037869300351199620e+00 9.053084995825774195e-01
5.044158775133160688e+00 9.819557392975263310e-01
5.050448249915122645e+00 6.828029171632248318e-01
5.056737724697083713e+00 1.223375243785640304e-01
5.063027199479045670e+00 -4.849471367174417735e-01
5.069316674261006739e+00 -9.066397627768424394e-01
5.075606149042968696e+00 -9.813561807535702286e-01
5.081895623824930652e+00 -6.805019913552531330e-01
5.088185098606891721e+00 -1.192158087362325120e-01
5.094474573388853678e+00 4.876949438136305992e-01
5.100764048170814746e+00 9.079620598795197228e-01
5.107053522952776703e+00 9.807469172200411478e-01
5.113342997734737772e+00 6.781943358147153322e-01
5.119632472516699728e+00 1.160929141252416835e-01
5.125921947298660797e+00 -4.904379279163098571e-01
5.132211422080622754e+00 -9.092753778138585874e-01
5.138500896862583822e+00 -9.801279547222024879e-01
5.144790371644545779e+00 -6.758799733627346429e-01
5.151079846426506847e+00 -1.129688714292060026e-01
5.157369321208468804e+00 4.931760618994057155e-01
5.163658795990430761e+00 9.105797035920257798e-01
5.169948270772391830e+00 9.794992993811331150e-01
5.176237745554353786e+00 6.735589268868861224e-01
5.182527220336314855e+00 1.098437115425854732e-01
5.188816695118276812e+00 -4.959093186843626655e-01
5.195106169900237880e+00 -9.118750243149970069e-01
5.201395644682199837e+00 -9.788609574138684710e-01
5.207685119464160906e+00 -6.712312193409717409e-01
5.213974594246122862e+00 -1.067174653713966331e-01
5.220264069028083931e+00 4.986376712409077983e-01
5.226553543810045888e+00 9.131613271729663861e-01
5.232843018592006956e+00 9.782129351332291556e-01
5.239132493373968913e+00 6.688968737443728996e-01
5.245421968155930870e+00 1.035901638322292567e-01
5.251711442937891938e+00 -5.013610925875638946e-01
5.258000917719853895e+00 -9.144385994451683652e-01
5.264290392501814964e+00 -9.775552389476971360e-01
5.270579867283776920e+00 -6.665559131823697303e-01
5.276869342065737989e+00 -1.004618378522232069e-01
5.283158816847699946e+00 5.040795557913242408e-01
5.289448291629661014e+00 9.157068285001453978e-01
5.295737766411622971e+00 9.768878753614933519e-01
5.302027241193584040e+00 6.642083608056608135e-01
5.308316715975545996e+00 9.733251836831008363e-02
5.314606190757507953e+00 -5.067930339682155116e-01
5.320895665539469022e+00 -9.169660017960089560e-01
5.327185140321430978e+00 -9.762108509744447105e-01
5.333474615103392047e+00 -6.618542398298788987e-01
5.339764089885354004e+00 -9.420223632769905708e-02
5.346053564667315072e+00 5.095015002838576557e-01
5.352343039449277029e+00 9.182161068802436876e-01
5.358632514231238098e+00 9.755241724818684013e-01
5.364921989013200054e+00 6.594935735359561679e-01
5.371211463795161123e+00 9.107102268677902401e-02
5.377500938577123080e+00 -5.122049279530423993e-01
5.383790413359084148e+00 -9.194571313901495069e-01
5.390079888141046105e+00 -9.748278466745536885e-01
5.396369362923008062e+00 -6.571263852692127427e-01
5.402658837704969130e+00 -8.793890841115163670e-02
5.408948312486931087e+00 5.149032902407820744e-01
5.415237787268892156e+00 9.206890630528263841e-01
5.421527262050854112e+00 9.741218804387451469e-01
5.427816736832815181e+00 6.547526984398088779e-01
5.434106211614777138e+00 8.480592447555172775e-02
5.440395686396738206e+00 -5.175965604617916993e-01
5.446685161178700163e+00 -9.219118896852072087e-01
5.452974635960661232e+00 -9.734062807560267538e-01
5.459264110742623188e+00 -6.523725365218286942e-01
5.465553585524584257e+00 -8.167210186331462507e-02
5.471843060306546214e+00 5.202847119815334764e-01
5.478132535088508170e+00 9.231255991943130290e-01
5.484422009870469239e+00 9.726810547031732312e-01
5.490711484652431196e+00 6.499859230536479959e-01
5.497000959434392264e+00 7.853747156572972454e-02
5.503290434216354221e+00 -5.229677182157980164e-01
5.509579908998315290e+00 -9.243301795772840279e-01
5.515869383780277246e+00 -9.719462094522356432e-01
5.522158858562238315e+00 -6.475928816374453278e-01
5.528448333344200272e+00 -7.540206458241380250e-02
5.534737808126161340e+00 5.256455526312604487e-01
5.541027282908123297e+00 9.255256189216719553e-01
5.547316757690084366e+00 9.712017522703939587e-01
5.553606232472046322e+00 6.451934359387081486e-01
5.559895707254008279e+00 7.226591192055130397e-02
5.566185182035969348e+00 -5.283181887460320914e-01
5.572474656817931304e+00 -9.267119054052543881e-01
5.578764131599892373e+00 -9.704476905198032854e-01
5.585053606381854330e+00 -6.427876096866044220e-01
5.591343081163815398e+00 -6.912904459481432340e-02
5.597632555945777355e+00 5.309856001292453387e-01
5.603922030727738424e+00 9.278890272964969155e-01
5.610211505509700380e+00 9.696840316577101104e-01
5.616500980291661449e+00 6.403754266730543598e-01
5.622790455073623406e+00 6.599149362671578867e-02
5.629079929855584474e+00 -5.336477604019920218e-01
5.635369404637546431e+00 -9.290569729543260991e-01
5.641658879419508388e+00 -9.689107832361604222e-01
5.647948354201469456e+00 -6.379569107531908312e-01
5.654237828983431413e+00 -6.285329004452930302e-02
5.660527303765392482e+00 5.363046432372929884e-01
5.666816778547354438e+00 9.302157308285855519e-01
5.673106253329315507e+00 9.681279529021462604e-01
5.679395728111277464e+00 6.355320858444261090e-01
5.685685202893238532e+00 5.971446488332277786e-02
5.691974677675200489e+00 -5.389562223601676028e-01
5.698264152457161558e+00 -9.313652894598116738e-01
5.704553627239123514e+00 -9.673355483973058444e-01
5.710843102021084583e+00 -6.331009759269142778e-01
5.717132576803046540e+00 -5.657504918385729969e-02
5.723422051585008496e+00 5.416024715481816409e-01
5.729711526366969565e+00 9.325056374796827363e-01
5.736001001148931522e+00 9.665335775580448097e-01
5.742290475930892590e+00 6.306636050426130957e-01
5.748579950712854547e+00 5.343507399307440009e-02
5.754869425494815616e+00 -5.442433646315155693e-01
5.761158900276777572e+00 -9.336367636108388046e-01
5.767448375058738641e+00 -9.657220483153751145e-01
5.773737849840700598e+00 -6.282199972956610257e-01
5.780027324622661666e+00 -5.029457036344873316e-02
5.786316799404623623e+00 5.468788754936043661e-01
5.792606274186584692e+00 9.347586566671204356e-01
5.798895748968546648e+00 9.649009686947471742e-01
5.805185223750508605e+00 6.257701768517871521e-01
5.811474698532469674e+00 4.715356935234023272e-02
5.817764173314431631e+00 -5.495089780708231064e-01
5.824053648096392699e+00 -9.358713055537986047e-01
5.830343122878354656e+00 -9.640703468161461176e-01
5.836632597660315724e+00 -6.233141679382492306e-01
5.842922072442277681e+00 -4.401210202248181241e-02
5.849211547224238750e+00 5.521336463530326366e-01
5.855501022006200706e+00 9.369746992674018449e-01
5.861790496788161775e+00 9.632301908939256974e-01
5.868079971570123732e+00 6.208519948433277591e-01
5.874369446352084800e+00 4.087019944076374089e-02
5.880658921134046757e+00 -5.547528543840248849e-01
5.886948395916008714e+00 -9.380688268961465681e-01
5.893237870697969782e+00 -9.623805092366645164e-01
5.899527345479931739e+00 -6.183836819162619181e-01
5.905816820261892808e+00 -3.772789267883493863e-02
5.912106295043854765e+00 5.573665762615900299e-01
5.918395769825815833e+00 9.391536776197261238e-01
5.924685244607777790e+00 9.615213102471437123e-01
5.930974719389738858e+00 6.159092535672779922e-01
5.937264194171700815e+00 3.458521281188707552e-02
5.943553668953661884e+00 -5.599747861374889668e-01
5.949843143735623840e+00 -9.402292407097339044e-01
5.956132618517584909e+00 -9.606526024223577265e-01
5.962422093299546866e+00 -6.134287342667225085e-01
5.968711568081508823e+00 -3.144219091914235431e-02
5.975001042863469891e+00 5.625774582183706851e-01
5.981290517645431848e+00 9.412955055294947027e-01
5.987579992427392916e+00 9.597743943532126565e-01
5.993869467209354873e+00 6.109421485454457068e-01
6.000158941991315942e+00 2.829885808320545953e-02
6.006448416773277899e+00 -5.651745667653661487e-01
6.012737891555238967e+00 -9.423524615342881994e-01
6.019027366337200924e+00 -9.588866947246599270e-01
6.025316841119161992e+00 -6.084495209942920591e-01
6.031606315901123949e+00 -2.515524538941519422e-02
6.037895790683085906e+00 5.677660860947207899e-01
6.044185265465046974e+00 9.434000982715670114e-01
6.050474740247008931e+00 9.579895123154853476e-01
6.056764215028970000e+00 6.059508762635850143e-01
6.063053689810931957e+00 2.201138392621888179e-02
6.069343164592893025e+00 -5.703519905778604571e-01
6.075632639374854982e+00 -9.444384053808305701e-01
6.081922114156816050e+00 -9.570828559982863526e-01
6.088211588938778007e+00 -6.034462390634248719e-01
6.094501063720739076e+00 -1.886730478452404089e-02
6.100790538502701033e+00 5.729322546420183571e-01
6.107080013284662101e+00 9.454673725938437245e-01
6.113369488066624058e+00 9.561667347392858174e-01
6.119658962848586015e+00 6.009356341631740817e-01
6.125948437630547083e+00 1.572303905716358752e-02
6.132237912412509040e+00 -5.755068527698348202e-01
6.138527387194470109e+00 -9.464869897348117123e-01
6.144816861976432065e+00 -9.552411575983078551e-01
6.151106336758393134e+00 -5.984190863910306968e-01
6.157395811540355091e+00 -1.257861783881561273e-02
6.163685286322316159e+00 5.780757595002621319e-01
6.169974761104278116e+00 9.474972467204048066e-01
6.176264235886239184e+00 9.543061337287896961e-01
6.182553710668201141e+00 5.958966206339632032e-01
6.188843185450162210e+00 9.434072226036951253e-03
6.195132660232124167e+00 -5.806389494285362218e-01
6.201422135014086123e+00 -9.484981335597857388e-01
6.207711609796047192e+00 -9.533616723774560597e-01
6.214001084578009149e+00 -5.933682618376473483e-01
6.220290559359970217e+00 -6.289433316159907805e-03
6.226580034141932174e+00 5.831963972062432777e-01
6.232869508923893243e+00 9.494896403547833375e-01
6.239158983705855199e+00 9.524077828844638161e-01
6.245448458487816268e+00 5.908340350060380386e-01
6.251737933269778225e+00 3.144732207780475026e-03
6.258027408051739293e+00 -5.857480775417561736e-01
6.264316882833701250e+00 -9.504717573000966979e-01
6.270606357615662318e+00 -9.514444746832093625e-01
6.276895832397624275e+00 -5.882939652008465359e-01
6.283185307179586232e+00 3.928773447456943883e-15
