0.000000000000000000e+00 5.900000000000000799e-01
3.878231859883236442e-03 5.900970336754428613e-01
7.756463719766472885e-03 5.901932930121708276e-01
1.163469557964970889e-02 5.902887713464869401e-01
1.551292743953294577e-02 5.903834620146951595e-01
1.939115929941618091e-02 5.904773583530986691e-01
2.326939115929941779e-02 5.905704536980015407e-01
2.714762301918265466e-02 5.906627413857070685e-01
3.102585487906589154e-02 5.907542147525187692e-01
3.490408673894912495e-02 5.908448671347400483e-01
3.878231859883236182e-02 5.909346918686751993e-01
4.266055045871559870e-02 5.910236822906270726e-01
4.653878231859883557e-02 5.911118317368992958e-01
5.041701417848207245e-02 5.911991335437956074e-01
5.429524603836530933e-02 5.912855810476198570e-01
5.817347789824854620e-02 5.913711675846750060e-01
6.205170975813178308e-02 5.914558864912653480e-01
6.592994161801501996e-02 5.915397311036935113e-01
6.980817347789824989e-02 5.916226947582639006e-01
7.368640533778149371e-02 5.917047707912796994e-01
7.756463719766472364e-02 5.917859525390445352e-01
8.144286905754796746e-02 5.918662333378622575e-01
8.532110091743119740e-02 5.919456065240358278e-01
8.919933277731444121e-02 5.920240654338690955e-01
9.307756463719767115e-02 5.921016034036659104e-01
9.695579649708091496e-02 5.921782137697295667e-01
1.008340283569641449e-01 5.922538898683635811e-01
1.047122602168473887e-01 5.923286250358714700e-01
1.085904920767306187e-01 5.924024126085570829e-01
1.124687239366138625e-01 5.924752459227240475e-01
1.163469557964970924e-01 5.925471183146756582e-01
1.202251876563803362e-01 5.926180231207153204e-01
1.241034195162635662e-01 5.926879536771469947e-01
1.279816513761468100e-01 5.927569033202743087e-01
1.318598832360300399e-01 5.928248653864003348e-01
1.357381150959132698e-01 5.928918332118289225e-01
1.396163469557964998e-01 5.929578001328636994e-01
1.434945788156797575e-01 5.930227594858080709e-01
1.473728106755629874e-01 5.930867046069657755e-01
1.512510425354462174e-01 5.931496288326402189e-01
1.551292743953294473e-01 5.932115254991353614e-01
1.590075062552127050e-01 5.932723879427540536e-01
1.628857381150959349e-01 5.933322094998004781e-01
1.667639699749791649e-01 5.933909835065780403e-01
1.706422018348623948e-01 5.934487032993901456e-01
1.745204336947456525e-01 5.935053622145405328e-01
1.783986655546288824e-01 5.935609535883326071e-01
1.822768974145121124e-01 5.936154707570702183e-01
1.861551292743953423e-01 5.936689070570566606e-01
1.900333611342785722e-01 5.937212558245955618e-01
1.939115929941618299e-01 5.937725103959904382e-01
1.977898248540450599e-01 5.938226641075450285e-01
2.016680567139282898e-01 5.938717102955630711e-01
2.055462885738115197e-01 5.939196422963475275e-01
2.094245204336947774e-01 5.939664534462023582e-01
2.133027522935780074e-01 5.940121370814313018e-01
2.171809841534612373e-01 5.940566865383374306e-01
2.210592160133444672e-01 5.941000951532249275e-01
2.249374478732277249e-01 5.941423562623967536e-01
2.288156797331109549e-01 5.941834632021567586e-01
2.326939115929941848e-01 5.942234093088085700e-01
2.365721434528774147e-01 5.942621879186555933e-01
2.404503753127606724e-01 5.942997923680016781e-01
2.443286071726439024e-01 5.943362159931501187e-01
2.482068390325271323e-01 5.943714521304045428e-01
2.520850708924103900e-01 5.944054941160684669e-01
2.559633027522936199e-01 5.944383352864456294e-01
2.598415346121768499e-01 5.944699689778393248e-01
2.637197664720600798e-01 5.945003885265534027e-01
2.675979983319433098e-01 5.945295872688912686e-01
2.714762301918265397e-01 5.945575585411564390e-01
2.753544620517097696e-01 5.945842956796528744e-01
2.792326939115929996e-01 5.946097920206837584e-01
2.831109257714762850e-01 5.946340409005526073e-01
2.869891576313595150e-01 5.946570356555632708e-01
2.908673894912427449e-01 5.946787696220190433e-01
2.947456213511259748e-01 5.946992361362236634e-01
2.986238532110092048e-01 5.947184285344806476e-01
3.025020850708924347e-01 5.947363401530936233e-01
3.063803169307756646e-01 5.947529643283659961e-01
3.102585487906588946e-01 5.947682943966015046e-01
3.141367806505421245e-01 5.947823236941036651e-01
3.180150125104254100e-01 5.947950455571761053e-01
3.218932443703086399e-01 5.948064533221222305e-01
3.257714762301918698e-01 5.948165403252457795e-01
3.296497080900750998e-01 5.948252999028502686e-01
3.335279399499583297e-01 5.948327253912389923e-01
3.374061718098415597e-01 5.948388101267159112e-01
3.412844036697247896e-01 5.948435474455844307e-01
3.451626355296080195e-01 5.948469306841480675e-01
3.490408673894913050e-01 5.948489531787106710e-01
3.529190992493745349e-01 5.948496082655753137e-01
3.567973311092577648e-01 5.948488892810458450e-01
3.606755629691409948e-01 5.948467895614262257e-01
3.645537948290242247e-01 5.948433024430191951e-01
3.684320266889074547e-01 5.948384212621287137e-01
3.723102585487906846e-01 5.948321393550586311e-01
3.761884904086739145e-01 5.948244500581122418e-01
3.800667222685571445e-01 5.948153467075929512e-01
3.839449541284404299e-01 5.948048226398046090e-01
3.878231859883236599e-01 5.947928711910506205e-01
3.917014178482068898e-01 5.947794856976349465e-01
3.955796497080901197e-01 5.947646594958604371e-01
3.994578815679733497e-01 5.947483859220311642e-01
4.033361134278565796e-01 5.947306583124507551e-01
4.072143452877398095e-01 5.947114700034221713e-01
4.110925771476230395e-01 5.946908143312497064e-01
4.149708090075063249e-01 5.946686846322364328e-01
4.188490408673895549e-01 5.946450742426865332e-01
4.227272727272727848e-01 5.946199764989027470e-01
4.266055045871560147e-01 5.945933847371891456e-01
4.304837364470392447e-01 5.945652922938492457e-01
4.343619683069224746e-01 5.945356925051866748e-01
4.382402001668057046e-01 5.945045787075047272e-01
4.421184320266889345e-01 5.944719442371071416e-01
4.459966638865721644e-01 5.944377824302973234e-01
4.498748957464554499e-01 5.944020866233793443e-01
4.537531276063386798e-01 5.943648501526561656e-01
4.576313594662219097e-01 5.943260663544317479e-01
4.615095913261051397e-01 5.942857285650093857e-01
4.653878231859883696e-01 5.942438301206929285e-01
4.692660550458715996e-01 5.942003643577856709e-01
4.731442869057548295e-01 5.941553246125914622e-01
4.770225187656380594e-01 5.941087042214137082e-01
4.809007506255213449e-01 5.940604965205558141e-01
4.847789824854045748e-01 5.940106948463215186e-01
4.886572143452878048e-01 5.939592925350145602e-01
4.925354462051710347e-01 5.939062829229382334e-01
4.964136780650542646e-01 5.938516593463961657e-01
5.002919099249375501e-01 5.937954151416918736e-01
5.041701417848207800e-01 5.937375436451289845e-01
5.080483736447040100e-01 5.936780381930114592e-01
5.119266055045872399e-01 5.936168921216421479e-01
5.158048373644704698e-01 5.935540987673251223e-01
5.196830692243536998e-01 5.934896514663637879e-01
5.235613010842369297e-01 5.934235435550615501e-01
5.274395329441201596e-01 5.933557683697223695e-01
5.313177648040033896e-01 5.932863192466494295e-01
5.351959966638866195e-01 5.932151895221464688e-01
5.390742285237698495e-01 5.931423725325172258e-01
5.429524603836530794e-01 5.930678616140647730e-01
5.468306922435363093e-01 5.929916501030931819e-01
5.507089241034195393e-01 5.929137313359058581e-01
5.545871559633027692e-01 5.928340986488063180e-01
5.584653878231859991e-01 5.927527453780980782e-01
5.623436196830692291e-01 5.926696648600846551e-01
5.662218515429525700e-01 5.925848504310700093e-01
5.701000834028358000e-01 5.924982954273572133e-01
5.739783152627190299e-01 5.924099931852501166e-01
5.778565471226022598e-01 5.923199370410522357e-01
5.817347789824854898e-01 5.922281203310671982e-01
5.856130108423687197e-01 5.921345363915984095e-01
5.894912427022519497e-01 5.920391785589494971e-01
5.933694745621351796e-01 5.919420401694241995e-01
5.972477064220184095e-01 5.918431145593258114e-01
6.011259382819016395e-01 5.917423950649580711e-01
6.050041701417848694e-01 5.916398750226244951e-01
6.088824020016680993e-01 5.915355477686284891e-01
6.127606338615513293e-01 5.914294066392740135e-01
6.166388657214345592e-01 5.913214449708643627e-01
6.205170975813177892e-01 5.912116560997031645e-01
6.243953294412010191e-01 5.911000333620940461e-01
6.282735613010842490e-01 5.909865700943404132e-01
6.321517931609675900e-01 5.908712596327457822e-01
6.360300250208508199e-01 5.907540953136142248e-01
6.399082568807340499e-01 5.906350704732485912e-01
6.437864887406172798e-01 5.905141784479529532e-01
6.476647206005005097e-01 5.903914125740306051e-01
6.515429524603837397e-01 5.902667661877852856e-01
6.554211843202669696e-01 5.901402326255206221e-01
6.592994161801501996e-01 5.900118052235400201e-01
6.631776480400334295e-01 5.898814773181471072e-01
6.670558798999166594e-01 5.897492422456455108e-01
6.709341117597998894e-01 5.896150933423385254e-01
6.748123436196831193e-01 5.894790239445301117e-01
6.786905754795663492e-01 5.893410273885234529e-01
6.825688073394495792e-01 5.892010970106222878e-01
6.864470391993328091e-01 5.890592261471304658e-01
6.903252710592160390e-01 5.889154081343511704e-01
6.942035029190992690e-01 5.887696363085881401e-01
6.980817347789826099e-01 5.886219040061446695e-01
7.019599666388658399e-01 5.884722045633247189e-01
7.058381984987490698e-01 5.883205313164316941e-01
7.097164303586322998e-01 5.881668776017692224e-01
7.135946622185155297e-01 5.880112367556405983e-01
7.174728940783987596e-01 5.878536021143497825e-01
7.213511259382819896e-01 5.876939670141999583e-01
7.252293577981652195e-01 5.875323247914949754e-01
7.291075896580484494e-01 5.873686687825384611e-01
7.329858215179316794e-01 5.872029923236335991e-01
7.368640533778149093e-01 5.870352887510843498e-01
7.407422852376981393e-01 5.868655514011942298e-01
7.446205170975813692e-01 5.866937736102664225e-01
7.484987489574645991e-01 5.865199487146048885e-01
7.523769808173478291e-01 5.863440700505131442e-01
7.562552126772310590e-01 5.861661309542944842e-01
7.601334445371142889e-01 5.859861247622529801e-01
7.640116763969976299e-01 5.858040448106915932e-01
7.678899082568808598e-01 5.856198844359142841e-01
7.717681401167640898e-01 5.854336369742247914e-01
7.756463719766473197e-01 5.852452957619260765e-01
7.795246038365305496e-01 5.850548541353222110e-01
7.834028356964137796e-01 5.848623054307167113e-01
7.872810675562970095e-01 5.846676429844128720e-01
7.911592994161802395e-01 5.844708601327144315e-01
7.950375312760634694e-01 5.842719502119250174e-01
7.989157631359466993e-01 5.840709065583480353e-01
8.027939949958299293e-01 5.838677225082873345e-01
8.066722268557131592e-01 5.836623913980458767e-01
8.105504587155963891e-01 5.834549065639282883e-01
8.144286905754796191e-01 5.832452613422370868e-01
8.183069224353628490e-01 5.830334490692763438e-01
8.221851542952460790e-01 5.828194630813493538e-01
8.260633861551293089e-01 5.826032967147599662e-01
8.299416180150126499e-01 5.823849433058118086e-01
8.338198498748958798e-01 5.821643961908081755e-01
8.376980817347791097e-01 5.819416487060526944e-01
8.415763135946623397e-01 5.817166941878488817e-01
8.454545454545455696e-01 5.814895259725005872e-01
8.493327773144287995e-01 5.812601373963111051e-01
8.532110091743120295e-01 5.810285217955841741e-01
8.570892410341952594e-01 5.807946725066233107e-01
8.609674728940784894e-01 5.805585828657318093e-01
8.648457047539617193e-01 5.803202462092136305e-01
8.687239366138449492e-01 5.800796558733721797e-01
8.726021684737281792e-01 5.798368063025136632e-01
8.764804003336114091e-01 5.795917046224816627e-01
8.803586321934946390e-01 5.793443660472484824e-01
8.842368640533778690e-01 5.790948059214482413e-01
8.881150959132610989e-01 5.788430395897153913e-01
8.919933277731443289e-01 5.785890823966848284e-01
8.958715596330276698e-01 5.783329496869911157e-01
8.997497914929108997e-01 5.780746568052682610e-01
9.036280233527941297e-01 5.778142190961513824e-01
9.075062552126773596e-01 5.775516519042748209e-01
9.113844870725605896e-01 5.772869705742731394e-01
9.152627189324438195e-01 5.770201904507807900e-01
9.191409507923270494e-01 5.767513268784321134e-01
9.230191826522102794e-01 5.764803952018623390e-01
9.268974145120935093e-01 5.762074107657052524e-01
9.307756463719767392e-01 5.759323889145957498e-01
9.346538782318599692e-01 5.756553449931681721e-01
9.385321100917431991e-01 5.753762943460575263e-01
9.424103419516264291e-01 5.750952523178977094e-01
9.462885738115096590e-01 5.748122342533236173e-01
9.501668056713928889e-01 5.745272554969697021e-01
9.540450375312761189e-01 5.742403313934708597e-01
9.579232693911593488e-01 5.739514772874610982e-01
9.618015012510426898e-01 5.736607085235749803e-01
9.656797331109259197e-01 5.733680404464472913e-01
9.695579649708091496e-01 5.730734884007125940e-01
9.734361968306923796e-01 5.727770677310053404e-01
9.773144286905756095e-01 5.724787937819598715e-01
9.811926605504588395e-01 5.721786818982111944e-01
9.850708924103420694e-01 5.718767474243934279e-01
9.889491242702252993e-01 5.715730057051411350e-01
9.928273561301085293e-01 5.712674720850891008e-01
9.967055879899917592e-01 5.709601619088715552e-01
1.000583819849875100e+00 5.706510905211232831e-01
1.004462051709758219e+00 5.703402732664789587e-01
1.008340283569641560e+00 5.700277254895727008e-01
1.012218515429524679e+00 5.697134625350391834e-01
1.016096747289408020e+00 5.693974997475130806e-01
1.019974979149291139e+00 5.690798524716287332e-01
1.023853211009174480e+00 5.687605360520209263e-01
1.027731442869057599e+00 5.684395658333241119e-01
1.031609674728940940e+00 5.681169571601727419e-01
1.035487906588824059e+00 5.677927253772013794e-01
1.039366138448707400e+00 5.674668858290445872e-01
1.043244370308590518e+00 5.671394538603368174e-01
1.047122602168473859e+00 5.668104448157127440e-01
1.051000834028356978e+00 5.664798740398068189e-01
1.054879065888240319e+00 5.661477568772536051e-01
1.058757297748123438e+00 5.658141086726877766e-01
1.062635529608006779e+00 5.654789447707433414e-01
1.066513761467890120e+00 5.651422805160558616e-01
1.070391993327773239e+00 5.648041312532589009e-01
1.074270225187656580e+00 5.644645123269872444e-01
1.078148457047539699e+00 5.641234390818755662e-01
1.082026688907423040e+00 5.637809268625585402e-01
1.085904920767306159e+00 5.634369910136702853e-01
1.089783152627189500e+00 5.630916468798456975e-01
1.093661384487072619e+00 5.627449098057190069e-01
1.097539616346955960e+00 5.623967951359251094e-01
1.101417848206839079e+00 5.620473182150983460e-01
1.105296080066722419e+00 5.616964943878732797e-01
1.109174311926605538e+00 5.613443389988844734e-01
1.113052543786488879e+00 5.609908673927663791e-01
1.116930775646371998e+00 5.606360949141535599e-01
1.120809007506255339e+00 5.602800369076808007e-01
1.124687239366138458e+00 5.599227087179821094e-01
1.128565471226021799e+00 5.595641256896924931e-01
1.132443703085905140e+00 5.592043031674461817e-01
1.136321934945788259e+00 5.588432564958778492e-01
1.140200166805671600e+00 5.584810010196223917e-01
1.144078398665554719e+00 5.581175520833138171e-01
1.147956630525438060e+00 5.577529250315866882e-01
1.151834862385321179e+00 5.573871352090759013e-01
1.155713094245204520e+00 5.570201979604156861e-01
1.159591326105087639e+00 5.566521286302407168e-01
1.163469557964970980e+00 5.562829425631854452e-01
1.167347789824854098e+00 5.559126551038843234e-01
1.171226021684737439e+00 5.555412815969721363e-01
1.175104253544620558e+00 5.551688373870835580e-01
1.178982485404503899e+00 5.547953378188525964e-01
1.182860717264387018e+00 5.544207982369143695e-01
1.186738949124270359e+00 5.540452339859026631e-01
1.190617180984153478e+00 5.536686604104528175e-01
1.194495412844036819e+00 5.532910928551988405e-01
1.198373644703920160e+00 5.529125466647755172e-01
1.202251876563803279e+00 5.525330371838172994e-01
1.206130108423686620e+00 5.521525797569587501e-01
1.210008340283569739e+00 5.517711897288344325e-01
1.213886572143453080e+00 5.513888824440785763e-01
1.217764804003336199e+00 5.510056732473264107e-01
1.221643035863219540e+00 5.506215774832117216e-01
1.225521267723102659e+00 5.502366104963696269e-01
1.229399499582986000e+00 5.498507876314342457e-01
1.233277731442869118e+00 5.494641242330403630e-01
1.237155963302752459e+00 5.490766356458223196e-01
1.241034195162635578e+00 5.486883372144147897e-01
1.244912427022518919e+00 5.482992442834522251e-01
1.248790658882402038e+00 5.479093721975696329e-01
1.252668890742285379e+00 5.475187363014006880e-01
1.256547122602168498e+00 5.471273519395806195e-01
1.260425354462051839e+00 5.467352344567435463e-01
1.264303586321935180e+00 5.463423991975242533e-01
1.268181818181818299e+00 5.459488615065573036e-01
1.272060050041701640e+00 5.455546367284771492e-01
1.275938281901584759e+00 5.451597402079182419e-01
1.279816513761468100e+00 5.447641872895151449e-01
1.283694745621351219e+00 5.443679933179025321e-01
1.287572977481234560e+00 5.439711736377147444e-01
1.291451209341117679e+00 5.435737435935865669e-01
1.295329441201001019e+00 5.431757185301523405e-01
1.299207673060884138e+00 5.427771137920466282e-01
1.303085904920767479e+00 5.423779447239041041e-01
1.306964136780650598e+00 5.419782266703589979e-01
1.310842368640533939e+00 5.415779749760463169e-01
1.314720600500417058e+00 5.411772049856000688e-01
1.318598832360300399e+00 5.407759320436553718e-01
1.322477064220183518e+00 5.403741714948462338e-01
1.326355296080066859e+00 5.399719386838072177e-01
1.330233527939950200e+00 5.395692489551734417e-01
1.334111759799833319e+00 5.391661176535788025e-01
1.337989991659716660e+00 5.387625601236580852e-01
1.341868223519599779e+00 5.383585917100460749e-01
1.345746455379483120e+00 5.379542277573767795e-01
1.349624687239366239e+00 5.375494836102850948e-01
1.353502919099249580e+00 5.371443746134054731e-01
1.357381150959132698e+00 5.367389161113723661e-01
1.361259382819016039e+00 5.363331234488205590e-01
1.365137614678899158e+00 5.359270119703843926e-01
1.369015846538782499e+00 5.355205970206982080e-01
1.372894078398665618e+00 5.351138939443971232e-01
1.376772310258548959e+00 5.347069180861151461e-01
1.380650542118432078e+00 5.342996847904869506e-01
1.384528773978315419e+00 5.338922094021473219e-01
1.388407005838198538e+00 5.334845072657303788e-01
1.392285237698081879e+00 5.330765937258711284e-01
1.396163469557965220e+00 5.326684841272036897e-01
1.400041701417848339e+00 5.322601938143625144e-01
1.403919933277731680e+00 5.318517381319828319e-01
1.407798165137614799e+00 5.314431324246985389e-01
1.411676396997498140e+00 5.310343920371443094e-01
1.415554628857381259e+00 5.306255323139548175e-01
1.419432860717264600e+00 5.302165685997644040e-01
1.423311092577147718e+00 5.298075162392077431e-01
1.427189324437031059e+00 5.293983905769196197e-01
1.431067556296914178e+00 5.289892069575340416e-01
1.434945788156797519e+00 5.285799807256859051e-01
1.438824020016680638e+00 5.281707272260095509e-01
1.442702251876563979e+00 5.277614618031396532e-01
1.446580483736447098e+00 5.273521998017107748e-01
1.450458715596330439e+00 5.269429565663573678e-01
1.454336947456213558e+00 5.265337474417141062e-01
1.458215179316096899e+00 5.261245877724152198e-01
1.462093411175980240e+00 5.257154929030954937e-01
1.465971643035863359e+00 5.253064781783892689e-01
1.469849874895746700e+00 5.248975589429315525e-01
1.473728106755629819e+00 5.244887505413563522e-01
1.477606338615513160e+00 5.240800683182984532e-01
1.481484570475396279e+00 5.236715276183924184e-01
1.485362802335279619e+00 5.232631437862725887e-01
1.489241034195162738e+00 5.228549321665737493e-01
1.493119266055046079e+00 5.224469081039301299e-01
1.496997497914929198e+00 5.220390869429766267e-01
1.500875729774812539e+00 5.216314840283473586e-01
1.504753961634695658e+00 5.212241147046772216e-01
1.508632193494578999e+00 5.208169943166006677e-01
1.512510425354462118e+00 5.204101382087522598e-01
1.516388657214345459e+00 5.200035617257664500e-01
1.520266889074228578e+00 5.195972802122778011e-01
1.524145120934111919e+00 5.191913090129208763e-01
1.528023352793995260e+00 5.187856634723300164e-01
1.531901584653878379e+00 5.183803589351401175e-01
1.535779816513761720e+00 5.179754107459854096e-01
1.539658048373644839e+00 5.175708342495006775e-01
1.543536280233528180e+00 5.171666447903201513e-01
1.547414512093411298e+00 5.167628577130785050e-01
1.551292743953294639e+00 5.163594883624105236e-01
1.555170975813177758e+00 5.159565520829505481e-01
1.559049207673061099e+00 5.155540642193330303e-01
1.562927439532944218e+00 5.151520401161926443e-01
1.566805671392827559e+00 5.147504951181638422e-01
1.570683903252710678e+00 5.143494445698809647e-01
1.574562135112594019e+00 5.139489038159789080e-01
1.578440366972477138e+00 5.135488882010921241e-01
1.582318598832360479e+00 5.131494130698550649e-01
1.586196830692243598e+00 5.127504937669024043e-01
1.590075062552126939e+00 5.123521456368684834e-01
1.593953294412010280e+00 5.119543840243878652e-01
1.597831526271893399e+00 5.115572242740952236e-01
1.601709758131776740e+00 5.111606817306250106e-01
1.605587989991659859e+00 5.107647717386116781e-01
1.609466221851543200e+00 5.103695096426900113e-01
1.613344453711426318e+00 5.099749107874942400e-01
1.617222685571309659e+00 5.095809905176592602e-01
1.621100917431192778e+00 5.091877641778193020e-01
1.624979149291076119e+00 5.087952471126090392e-01
1.628857381150959238e+00 5.084034546666628129e-01
1.632735613010842579e+00 5.080124021846154081e-01
1.636613844870725698e+00 5.076221050111013877e-01
1.640492076730609039e+00 5.072325784907550927e-01
1.644370308590492158e+00 5.068438379682111972e-01
1.648248540450375499e+00 5.064558987881041530e-01
1.652126772310258618e+00 5.060687762950684121e-01
1.656005004170141959e+00 5.056824858337388706e-01
1.659883236030025300e+00 5.052970427487497584e-01
1.663761467889908419e+00 5.049124623847354165e-01
1.667639699749791760e+00 5.045287600863310740e-01
1.671517931609674879e+00 5.041459511981705166e-01
1.675396163469558219e+00 5.037640510648886405e-01
1.679274395329441338e+00 5.033830750311202307e-01
1.683152627189324679e+00 5.030030384414991840e-01
1.687030859049207798e+00 5.026239566406605075e-01
1.690909090909091139e+00 5.022458449732386532e-01
1.694787322768974258e+00 5.018687187838681840e-01
1.698665554628857599e+00 5.014925934171834410e-01
1.702543786488740718e+00 5.011174842178192090e-01
1.706422018348624059e+00 5.007434065304099402e-01
1.710300250208507178e+00 5.003703756995900864e-01
1.714178482068390519e+00 4.999984070699943217e-01
1.718056713928273638e+00 4.996275159862570980e-01
1.721934945788156979e+00 4.992577177930129229e-01
1.725813177648040320e+00 4.988890278348963037e-01
1.729691409507923439e+00 4.985214614565419700e-01
1.733569641367806780e+00 4.981550340025843182e-01
1.737447873227689898e+00 4.977897608176577449e-01
1.741326105087573239e+00 4.974256572463971460e-01
1.745204336947456358e+00 4.970627386334368625e-01
1.749082568807339699e+00 4.967010203234112353e-01
1.752960800667222818e+00 4.963405176609551606e-01
1.756839032527106159e+00 4.959812459907029791e-01
1.760717264386989278e+00 4.956232206572893095e-01
1.764595496246872619e+00 4.952664570053485482e-01
1.768473728106755738e+00 4.949109703795153692e-01
1.772351959966639079e+00 4.945567761244242244e-01
1.776230191826522198e+00 4.942038895847097324e-01
1.780108423686405539e+00 4.938523261050062896e-01
1.783986655546288658e+00 4.935021010299487365e-01
1.787864887406171999e+00 4.931532297041712476e-01
1.791743119266055340e+00 4.928057274723084413e-01
1.795621351125938459e+00 4.924596096789951027e-01
1.799499582985821799e+00 4.921148916688655173e-01
1.803377814845704918e+00 4.917715887865542479e-01
1.807256046705588259e+00 4.914297163766960796e-01
1.811134278565471378e+00 4.910892897839251314e-01
1.815012510425354719e+00 4.907503243528762993e-01
1.818890742285237838e+00 4.904128354281839242e-01
1.822768974145121179e+00 4.900768383544826245e-01
1.826647206005004298e+00 4.897423484764069079e-01
1.830525437864887639e+00 4.894093811385913373e-01
1.834403669724770758e+00 4.890779516856704201e-01
1.838281901584654099e+00 4.887480754622787749e-01
1.842160133444537218e+00 4.884197678130507425e-01
1.846038365304420559e+00 4.880930440826209971e-01
1.849916597164303678e+00 4.877679196156241570e-01
1.853794829024187019e+00 4.874444097566946743e-01
1.857673060884070360e+00 4.871225298504670009e-01
1.861551292743953478e+00 4.868022952415757554e-01
1.865429524603836819e+00 4.864837212746554451e-01
1.869307756463719938e+00 4.861668232943407997e-01
1.873185988323603279e+00 4.858516166452659379e-01
1.877064220183486398e+00 4.855381166720659225e-01
1.880942452043369739e+00 4.852263387193748723e-01
1.884820683903252858e+00 4.849162981318275722e-01
1.888698915763136199e+00 4.846080102540581969e-01
1.892577147623019318e+00 4.843014904307018087e-01
1.896455379482902659e+00 4.839967540063925822e-01
1.900333611342785778e+00 4.836938163257653578e-01
1.904211843202669119e+00 4.833926927334539769e-01
1.908090075062552238e+00 4.830933985740938352e-01
1.911968306922435579e+00 4.827959491923191626e-01
1.915846538782318698e+00 4.825003599327643000e-01
1.919724770642202039e+00 4.822066461400637549e-01
1.923603002502085380e+00 4.819148231588524789e-01
1.927481234361968498e+00 4.816249063337647573e-01
1.931359466221851839e+00 4.813369110094349868e-01
1.935237698081734958e+00 4.810508525304978966e-01
1.939115929941618299e+00 4.807667462415881054e-01
1.942994161801501418e+00 4.804846074873398987e-01
1.946872393661384759e+00 4.802044516123878393e-01
1.950750625521267878e+00 4.799262939613665457e-01
1.954628857381151219e+00 4.796501498789109696e-01
1.958507089241034338e+00 4.793760347096548413e-01
1.962385321100917679e+00 4.791039637982331123e-01
1.966263552960800798e+00 4.788339524892804011e-01
1.970141784820684139e+00 4.785660161274312707e-01
1.974020016680567258e+00 4.783001700573200621e-01
1.977898248540450599e+00 4.780364296235812827e-01
1.981776480400333718e+00 4.777748101708496065e-01
1.985654712260217059e+00 4.775153270437597075e-01
1.989532944120100399e+00 4.772579955869457047e-01
1.993411175979983518e+00 4.770028311450426051e-01
1.997289407839866859e+00 4.767498490626848606e-01
2.001167639699750200e+00 4.764990646845064237e-01
2.005045871559633319e+00 4.762504933551426900e-01
2.008924103419516438e+00 4.760041504192275563e-01
2.012802335279399557e+00 4.757600512213958632e-01
2.016680567139283120e+00 4.755182111062819517e-01
2.020558798999166239e+00 4.752786454185207732e-01
2.024437030859049358e+00 4.750413695027463357e-01
2.028315262718932477e+00 4.748063987035935352e-01
2.032193494578816040e+00 4.745737483656968791e-01
2.036071726438699159e+00 4.743434338336907086e-01
2.039949958298582278e+00 4.741154704522095864e-01
2.043828190158465397e+00 4.738898735658883532e-01
2.047706422018348960e+00 4.736666585193611834e-01
2.051584653878232078e+00 4.734458406572626954e-01
2.055462885738115197e+00 4.732274353242276188e-01
2.059341117597998760e+00 4.730114578648903501e-01
2.063219349457881879e+00 4.727979236238852856e-01
2.067097581317764998e+00 4.725868479458472660e-01
2.070975813177648117e+00 4.723782461754105766e-01
2.074854045037531680e+00 4.721721336572098915e-01
2.078732276897414799e+00 4.719685257358797181e-01
2.082610508757297918e+00 4.717674377560547860e-01
2.086488740617181037e+00 4.715688850623690476e-01
2.090366972477064600e+00 4.713728829994576763e-01
2.094245204336947719e+00 4.711794469119549023e-01
2.098123436196830838e+00 4.709885921444952328e-01
2.102001668056713957e+00 4.708003340417133975e-01
2.105879899916597520e+00 4.706146879482437373e-01
2.109758131776480639e+00 4.704316692087210372e-01
2.113636363636363757e+00 4.702512931677794716e-01
2.117514595496246876e+00 4.700735751700540477e-01
2.121392827356130439e+00 4.698985305601787177e-01
2.125271059216013558e+00 4.697261746827885442e-01
2.129149291075896677e+00 4.695565228825177018e-01
2.133027522935780240e+00 4.693895905040009753e-01
2.136905754795663359e+00 4.692253928918727057e-01
2.140783986655546478e+00 4.690639453907677892e-01
2.144662218515429597e+00 4.689052633453204000e-01
2.148540450375313160e+00 4.687493621001650457e-01
2.152418682235196279e+00 4.685962569999365668e-01
2.156296914095079398e+00 4.684459633892692487e-01
2.160175145954962517e+00 4.682984966127976545e-01
2.164053377814846080e+00 4.681538720151564026e-01
2.167931609674729199e+00 4.680121049409800005e-01
2.171809841534612318e+00 4.678732107349031222e-01
2.175688073394495436e+00 4.677372047415601641e-01
2.179566305254378999e+00 4.676041023055855783e-01
2.183444537114262118e+00 4.674739187716139277e-01
2.187322768974145237e+00 4.673466694842799418e-01
2.191201000834028800e+00 4.672223697882180726e-01
2.195079232693911919e+00 4.671010350280626056e-01
2.198957464553795038e+00 4.669826805484485477e-01
2.202835696413678157e+00 4.668673216940100734e-01
2.206713928273561720e+00 4.667549738093817457e-01
2.210592160133444839e+00 4.666456522391982942e-01
2.214470391993327958e+00 4.665393723280941152e-01
2.218348623853211077e+00 4.664361494207036607e-01
2.222226855713094640e+00 4.663359988616617713e-01
2.226105087572977759e+00 4.662389359956027324e-01
2.229983319432860878e+00 4.661449761671610514e-01
2.233861551292743997e+00 4.660541347209714025e-01
2.237739783152627560e+00 4.659664270016683485e-01
2.241618015012510678e+00 4.658818683538862859e-01
2.245496246872393797e+00 4.658004741222597778e-01
2.249374478732276916e+00 4.657222596514235535e-01
2.253252710592160479e+00 4.656472402860120097e-01
2.257130942452043598e+00 4.655754313706594871e-01
2.261009174311926717e+00 4.655068482500008265e-01
2.264887406171810280e+00 4.654415062686703686e-01
2.268765638031693399e+00 4.653794207713027875e-01
2.272643869891576518e+00 4.653206071025326462e-01
2.276522101751459637e+00 4.652650806069942302e-01
2.280400333611343200e+00 4.652128566293224354e-01
2.284278565471226319e+00 4.651639505141514919e-01
2.288156797331109438e+00 4.651183776061160180e-01
2.292035029190992557e+00 4.650761532498507433e-01
2.295913261050876120e+00 4.650372927899899533e-01
2.299791492910759239e+00 4.650018115711682665e-01
2.303669724770642357e+00 4.649696746981352713e-01
2.307547956630525476e+00 4.649406110792811408e-01
2.311426188490409039e+00 4.649142802727391777e-01
2.315304420350292158e+00 4.648903418274278887e-01
2.319182652210175277e+00 4.648684552922654478e-01
2.323060884070058840e+00 4.648482802161704730e-01
2.326939115929941959e+00 4.648294761480611381e-01
2.330817347789825078e+00 4.648117026368557281e-01
2.334695579649708197e+00 4.647946192314726388e-01
2.338573811509591760e+00 4.647778854808303217e-01
2.342452043369474879e+00 4.647611609338471172e-01
2.346330275229357998e+00 4.647441051394411438e-01
2.350208507089241117e+00 4.647263776465309082e-01
2.354086738949124680e+00 4.647076380040348065e-01
2.357964970809007799e+00 4.646875457608711235e-01
2.361843202668890918e+00 4.646657604659581442e-01
2.365721434528774036e+00 4.646419416682142089e-01
2.369599666388657599e+00 4.646157489165578247e-01
2.373477898248540718e+00 4.645868417599071654e-01
2.377356130108423837e+00 4.645548797471806268e-01
2.381234361968306956e+00 4.645195224272966050e-01
2.385112593828190519e+00 4.644804293491732738e-01
2.388990825688073638e+00 4.644372600617291402e-01
2.392869057547956757e+00 4.643896741138827111e-01
2.396747289407840320e+00 4.643373310545518828e-01
2.400625521267723439e+00 4.642798904326552178e-01
2.404503753127606558e+00 4.642170117971112786e-01
2.408381984987489677e+00 4.641483546968381835e-01
2.412260216847373240e+00 4.640735786807541619e-01
2.416138448707256359e+00 4.639923432977777207e-01
2.420016680567139478e+00 4.639043080968273669e-01
2.423894912427022597e+00 4.638091326268210524e-01
2.427773144286906160e+00 4.637064764366773950e-01
2.431651376146789278e+00 4.635959990753146243e-01
2.435529608006672397e+00 4.634773600916512470e-01
2.439407839866555516e+00 4.633502190346053262e-01
2.443286071726439079e+00 4.632142354530954798e-01
2.447164303586322198e+00 4.630690688960399370e-01
2.451042535446205317e+00 4.629143789123570385e-01
2.454920767306088880e+00 4.627498250509650690e-01
2.458798999165971999e+00 4.625750668607825355e-01
2.462677231025855118e+00 4.623897638907276675e-01
2.466555462885738237e+00 4.621935756897187497e-01
2.470433694745621800e+00 4.619861618066741782e-01
2.474311926605504919e+00 4.617671817905125708e-01
2.478190158465388038e+00 4.615362951901517685e-01
2.482068390325271157e+00 4.612931615545103892e-01
2.485946622185154720e+00 4.610374404325067177e-01
2.489824854045037839e+00 4.607687913730590945e-01
2.493703085904920957e+00 4.604868739250860821e-01
2.497581317764804076e+00 4.601913476375057988e-01
2.501459549624687639e+00 4.598818760313769238e-01
2.505337781484570758e+00 4.595583010291599546e-01
2.509216013344453877e+00 4.592207112200372698e-01
2.513094245204336996e+00 4.588692132692790415e-01
2.516972477064220559e+00 4.585039138421553306e-01
2.520850708924103678e+00 4.581249196039362537e-01
2.524728940783986797e+00 4.577323372198920937e-01
2.528607172643870360e+00 4.573262733552924675e-01
2.532485404503753479e+00 4.569068346754081578e-01
2.536363636363636598e+00 4.564741278455089479e-01
2.540241868223519717e+00 4.560282595308647879e-01
2.544120100083403280e+00 4.555693363967460163e-01
2.547998331943286399e+00 4.550974651084227496e-01
2.551876563803169518e+00 4.546127523311649932e-01
2.555754795663052636e+00 4.541153047302428636e-01
2.559633027522936199e+00 4.536052289709265328e-01
2.563511259382819318e+00 4.530826317184860064e-01
2.567389491242702437e+00 4.525476196381915672e-01
2.571267723102585556e+00 4.520002993953132209e-01
2.575145954962469119e+00 4.514407776551210838e-01
2.579024186822352238e+00 4.508691610828852170e-01
2.582902418682235357e+00 4.502855563438759590e-01
2.586780650542118920e+00 4.496900701033630376e-01
2.590658882402002039e+00 4.490828090266169581e-01
2.594537114261885158e+00 4.484638797789076703e-01
2.598415346121768277e+00 4.478333890255051797e-01
2.602293577981651840e+00 4.471914434316797138e-01
2.606171809841534959e+00 4.465381496627013336e-01
2.610050041701418078e+00 4.458736143838403221e-01
2.613928273561301197e+00 4.451979442603664627e-01
2.617806505421184760e+00 4.445112459575500385e-01
2.621684737281067878e+00 4.438136261406612215e-01
2.625562969140950997e+00 4.431051914749702392e-01
2.629441201000834116e+00 4.423860486257469304e-01
2.633319432860717679e+00 4.416563042582615228e-01
2.637197664720600798e+00 4.409160650377840218e-01
2.641075896580483917e+00 4.401654376295848214e-01
2.644954128440367036e+00 4.394045286989337051e-01
2.648832360300250599e+00 4.386334449111010669e-01
2.652710592160133718e+00 4.378522929313568013e-01
2.656588824020016837e+00 4.370611794249711357e-01
2.660467055879900400e+00 4.362602110572140202e-01
2.664345287739783519e+00 4.354494944933558487e-01
2.668223519599666638e+00 4.346291363986665157e-01
2.672101751459549757e+00 4.337992434384162488e-01
2.675979983319433320e+00 4.329599222778749978e-01
2.679858215179316439e+00 4.321112795823130459e-01
2.683736447039199557e+00 4.312534220170005095e-01
2.687614678899082676e+00 4.303864562472073385e-01
2.691492910758966239e+00 4.295104889382037605e-01
2.695371142618849358e+00 4.286256267552598365e-01
2.699249374478732477e+00 4.277319763636458494e-01
2.703127606338615596e+00 4.268296444286315827e-01
2.707005838198499159e+00 4.259187376154873750e-01
2.710884070058382278e+00 4.249993625894833427e-01
2.714762301918265397e+00 4.240716260158896578e-01
2.718640533778148960e+00 4.231356345599761593e-01
2.722518765638032079e+00 4.221914948870132411e-01
2.726396997497915198e+00 4.212393136622708534e-01
2.730275229357798317e+00 4.202791975510192790e-01
2.734153461217681880e+00 4.193112532185281904e-01
2.738031693077564999e+00 4.183355873300682037e-01
2.741909924937448118e+00 4.173523065509093244e-01
2.745788156797331236e+00 4.163615175463215579e-01
2.749666388657214799e+00 4.153633269815748541e-01
2.753544620517097918e+00 4.143578415219398292e-01
2.757422852376981037e+00 4.133451678326860446e-01
2.761301084236864156e+00 4.123254125790838942e-01
2.765179316096747719e+00 4.112986824264032726e-01
2.769057547956630838e+00 4.102650840399146848e-01
2.772935779816513957e+00 4.092247240848879697e-01
2.776814011676397076e+00 4.081777092265933549e-01
2.780692243536280639e+00 4.071241461303005682e-01
2.784570475396163758e+00 4.060641414612803923e-01
2.788448707256046877e+00 4.049978018848023886e-01
2.792326939115930440e+00 4.039252340661368956e-01
2.796205170975813559e+00 4.028465446705541408e-01
2.800083402835696678e+00 4.017618403633239077e-01
2.803961634695579797e+00 4.006712278097166458e-01
2.807839866555463360e+00 3.995748136750020274e-01
2.811718098415346478e+00 3.984727046244507243e-01
2.815596330275229597e+00 3.973650073233325197e-01
2.819474562135112716e+00 3.962518284369176413e-01
2.823352793994996279e+00 3.951332746304758170e-01
2.827231025854879398e+00 3.940094525692777183e-01
2.831109257714762517e+00 3.928804689185932397e-01
2.834987489574645636e+00 3.917464303436923867e-01
2.838865721434529199e+00 3.906074435098452202e-01
2.842743953294412318e+00 3.894636150823223009e-01
2.846622185154295437e+00 3.883150517263932455e-01
2.850500417014179000e+00 3.871618601073282817e-01
2.854378648874062119e+00 3.860041468903976369e-01
2.858256880733945238e+00 3.848420187408714832e-01
2.862135112593828357e+00 3.836755823240197705e-01
2.866013344453711920e+00 3.825049443051124487e-01
2.869891576313595039e+00 3.813302113494201340e-01
2.873769808173478157e+00 3.801514901222124987e-01
2.877648040033361276e+00 3.789688872887598814e-01
2.881526271893244839e+00 3.777825095143320655e-01
2.885404503753127958e+00 3.765924634641996671e-01
2.889282735613011077e+00 3.753988558036324696e-01
2.893160967472894196e+00 3.742017931979006451e-01
2.897039199332777759e+00 3.730013823122743100e-01
2.900917431192660878e+00 3.717977298120235807e-01
2.904795663052543997e+00 3.705909423624187404e-01
2.908673894912427116e+00 3.693811266287295725e-01
2.912552126772310679e+00 3.681683892762262489e-01
2.916430358632193798e+00 3.669528369701790527e-01
2.920308590492076917e+00 3.657345763758581558e-01
2.924186822351960480e+00 3.645137141585333418e-01
2.928065054211843599e+00 3.632903569834750046e-01
2.931943286071726718e+00 3.620646115159530942e-01
2.935821517931609836e+00 3.608365844212379492e-01
2.939699749791493399e+00 3.596063823645993529e-01
2.943577981651376518e+00 3.583741120113076439e-01
2.947456213511259637e+00 3.571398800266330498e-01
2.951334445371142756e+00 3.559037930758453538e-01
2.955212677231026319e+00 3.546659578242148392e-01
2.959090909090909438e+00 3.534264809370116223e-01
2.962969140950792557e+00 3.521854690795058196e-01
2.966847372810675676e+00 3.509430289169675476e-01
2.970725604670559239e+00 3.496992671146666454e-01
2.974603836530442358e+00 3.484542903378738954e-01
2.978482068390325477e+00 3.472082052518586925e-01
2.982360300250209040e+00 3.459611185218914864e-01
2.986238532110092159e+00 3.447131368132424489e-01
2.990116763969975278e+00 3.434643667911814746e-01
2.993994995829858397e+00 3.422149151209788465e-01
2.997873227689741960e+00 3.409648884679046255e-01
3.001751459549625078e+00 3.397143934972289281e-01
3.005629691409508197e+00 3.384635368742217598e-01
3.009507923269391316e+00 3.372124252641534592e-01
3.013386155129274879e+00 3.359611653322939206e-01
3.017264386989157998e+00 3.347098637439133717e-01
3.021142618849041117e+00 3.334586271642818733e-01
3.025020850708924236e+00 3.322075622586695975e-01
3.028899082568807799e+00 3.309567756923464943e-01
3.032777314428690918e+00 3.297063741305829021e-01
3.036655546288574037e+00 3.284564642386488265e-01
3.040533778148457156e+00 3.272071526818144394e-01
3.044412010008340719e+00 3.259585461253495242e-01
3.048290241868223838e+00 3.247107512345246971e-01
3.052168473728106957e+00 3.234638746746098525e-01
3.056046705587990520e+00 3.222180231108749959e-01
3.059924937447873639e+00 3.209733032085903548e-01
3.063803169307756757e+00 3.197298216330260456e-01
3.067681401167639876e+00 3.184876850494522404e-01
3.071559633027523439e+00 3.172470001231386671e-01
3.075437864887406558e+00 3.160078735193558863e-01
3.079316096747289677e+00 3.147704119033739034e-01
3.083194328607172796e+00 3.135347219404628349e-01
3.087072560467056359e+00 3.123009102958925198e-01
3.090950792326939478e+00 3.110690836349334631e-01
3.094829024186822597e+00 3.098393486228554483e-01
3.098707256046705716e+00 3.086118119249289249e-01
3.102585487906589279e+00 3.073865802064236763e-01
3.106463719766472398e+00 3.061637601326100411e-01
3.110341951626355517e+00 3.049434583687579137e-01
3.114220183486239080e+00 3.037257815801376881e-01
3.118098415346122199e+00 3.025108364320192589e-01
3.121976647206005318e+00 3.012987295896729090e-01
3.125854879065888436e+00 3.000895677183684773e-01
3.129733110925771999e+00 2.988834574833763025e-01
3.133611342785655118e+00 2.976805055499665564e-01
3.137489574645538237e+00 2.964808185834090226e-01
3.141367806505421356e+00 2.952845032489742616e-01
3.145246038365304919e+00 2.940916662119319458e-01
3.149124270225188038e+00 2.929024141375524692e-01
3.153002502085071157e+00 2.917168536911058929e-01
3.156880733944954276e+00 2.905350915378623333e-01
3.160758965804837839e+00 2.893572343430916294e-01
3.164637197664720958e+00 2.881833887720643972e-01
3.168515429524604077e+00 2.870136614900504757e-01
3.172393661384487196e+00 2.858481591623198148e-01
3.176271893244370759e+00 2.846869884541426976e-01
3.180150125104253878e+00 2.835302560307894071e-01
3.184028356964136997e+00 2.823780685575297822e-01
3.187906588824020560e+00 2.812305326996339394e-01
3.191784820683903678e+00 2.800877551223722173e-01
3.195663052543786797e+00 2.789498424910145657e-01
3.199541284403669916e+00 2.778169014708311013e-01
3.203419516263553479e+00 2.766890387270919405e-01
3.207297748123436598e+00 2.755663609250672552e-01
3.211175979983319717e+00 2.744489747300272176e-01
3.215054211843202836e+00 2.733369868072416664e-01
3.218932443703086399e+00 2.722305038219808293e-01
3.222810675562969518e+00 2.711296324395150448e-01
3.226688907422852637e+00 2.700344793251143183e-01
3.230567139282735756e+00 2.689451511440485998e-01
3.234445371142619319e+00 2.678617545615879503e-01
3.238323603002502438e+00 2.667843962430027083e-01
3.242201834862385557e+00 2.657131828535629903e-01
3.246080066722269120e+00 2.646482210585386352e-01
3.249958298582152239e+00 2.635896175232002037e-01
3.253836530442035357e+00 2.625374789128174791e-01
3.257714762301918476e+00 2.614919118926605779e-01
3.261592994161802039e+00 2.604530231279996721e-01
3.265471226021685158e+00 2.594209192841048228e-01
3.269349457881568277e+00 2.583957070262463684e-01
3.273227689741451396e+00 2.573774930196940924e-01
3.277105921601334959e+00 2.563663839297182778e-01
3.280984153461218078e+00 2.553624864215891521e-01
3.284862385321101197e+00 2.543659071605766653e-01
3.288740617180984316e+00 2.533767528119508783e-01
3.292618849040867879e+00 2.523951300409818521e-01
3.296497080900750998e+00 2.514211455129400363e-01
3.300375312760634117e+00 2.504549058930952699e-01
3.304253544620517236e+00 2.494965049851572969e-01
3.308131776480400799e+00 2.485459525773731360e-01
3.312010008340283918e+00 2.476032247259474239e-01
3.315888240200167036e+00 2.466682973960482306e-01
3.319766472060050599e+00 2.457411465528440420e-01
3.323644703919933718e+00 2.448217481615034830e-01
3.327522935779816837e+00 2.439100781871950674e-01
3.331401167639699956e+00 2.430061125950870871e-01
3.335279399499583519e+00 2.421098273503480003e-01
3.339157631359466638e+00 2.412211984181462932e-01
3.343035863219349757e+00 2.403402017636506460e-01
3.346914095079232876e+00 2.394668133520293229e-01
3.350792326939116439e+00 2.386010091484506712e-01
3.354670558798999558e+00 2.377427651180833990e-01
3.358548790658882677e+00 2.368920572260959090e-01
3.362427022518765796e+00 2.360488614376567151e-01
3.366305254378649359e+00 2.352131537179340814e-01
3.370183486238532478e+00 2.343849100320966050e-01
3.374061718098415597e+00 2.335641063453128274e-01
3.377939949958299160e+00 2.327507186227510128e-01
3.381818181818182278e+00 2.319447228295798136e-01
3.385696413678065397e+00 2.311460949309677160e-01
3.389574645537948516e+00 2.303548108920830395e-01
3.393452877397832079e+00 2.295708466780942147e-01
3.397331109257715198e+00 2.287941782541698943e-01
3.401209341117598317e+00 2.280247815854785365e-01
3.405087572977481436e+00 2.272626326371883776e-01
3.408965804837364999e+00 2.265077073744680147e-01
3.412844036697248118e+00 2.257599817624860450e-01
3.416722268557131237e+00 2.250194317664107879e-01
3.420600500417014356e+00 2.242860333514107296e-01
3.424478732276897919e+00 2.235597624826542729e-01
3.428356964136781038e+00 2.228405951253100703e-01
3.432235195996664157e+00 2.221285072445464415e-01
3.436113427856547275e+00 2.214234748055318447e-01
3.439991659716430839e+00 2.207254737734347383e-01
3.443869891576313957e+00 2.200344801134237194e-01
3.447748123436197076e+00 2.193504697906671630e-01
3.451626355296080639e+00 2.186734187703334997e-01
3.455504587155963758e+00 2.180033030175912157e-01
3.459382819015846877e+00 2.173400984976088524e-01
3.463261050875729996e+00 2.166837811755548404e-01
3.467139282735613559e+00 2.160343270165975549e-01
3.471017514595496678e+00 2.153917119859056206e-01
3.474895746455379797e+00 2.147559120486473294e-01
3.478773978315262916e+00 2.141269031699913616e-01
3.482652210175146479e+00 2.135046613151058426e-01
3.486530442035029598e+00 2.128891624491596746e-01
3.490408673894912717e+00 2.122803825373209274e-01
3.494286905754795836e+00 2.116782975447583370e-01
3.498165137614679399e+00 2.110828834366401952e-01
3.502043369474562517e+00 2.104941161781350989e-01
3.505921601334445636e+00 2.099119717344114233e-01
3.509799833194329199e+00 2.093364260706376545e-01
3.513678065054212318e+00 2.087674551519823063e-01
3.517556296914095437e+00 2.082050349436138648e-01
3.521434528773978556e+00 2.076491414107006217e-01
3.525312760633862119e+00 2.070997505184112297e-01
3.529190992493745238e+00 2.065568382319140639e-01
3.533069224353628357e+00 2.060203805163776658e-01
3.536947456213511476e+00 2.054903533369704660e-01
3.540825688073395039e+00 2.049667326588607563e-01
3.544703919933278158e+00 2.044494944472173004e-01
3.548582151793161277e+00 2.039386146672083622e-01
3.552460383653044396e+00 2.034340692840025666e-01
3.556338615512927959e+00 2.029358342627680944e-01
3.560216847372811078e+00 2.024438855686737371e-01
3.564095079232694196e+00 2.019581991668878140e-01
3.567973311092577315e+00 2.014787510225787837e-01
3.571851542952460878e+00 2.010055171009150765e-01
3.575729774812343997e+00 2.005384733670652619e-01
3.579608006672227116e+00 2.000775957861977428e-01
3.583486238532110679e+00 1.996228603234809773e-01
3.587364470391993798e+00 1.991742429440834794e-01
3.591242702251876917e+00 1.987317196131736796e-01
3.595120934111760036e+00 1.982952662959199808e-01
3.598999165971643599e+00 1.978648589574909800e-01
3.602877397831526718e+00 1.974404735630550523e-01
3.606755629691409837e+00 1.970220860777807115e-01
3.610633861551292956e+00 1.966096724668364437e-01
3.614512093411176519e+00 1.962032086953905408e-01
3.618390325271059638e+00 1.958026707286116830e-01
3.622268557130942757e+00 1.954080345316682454e-01
3.626146788990825875e+00 1.950192760697287142e-01
3.630025020850709438e+00 1.946363713079614643e-01
3.633903252710592557e+00 1.942592962115351485e-01
3.637781484570475676e+00 1.938880267456180861e-01
3.641659716430359239e+00 1.935225388753787357e-01
3.645537948290242358e+00 1.931628085659856664e-01
3.649416180150125477e+00 1.928088117826073089e-01
3.653294412010008596e+00 1.924605244904120105e-01
3.657172643869892159e+00 1.921179226545683960e-01
3.661050875729775278e+00 1.917809822402448405e-01
3.664929107589658397e+00 1.914496792126098579e-01
3.668807339449541516e+00 1.911239895368319341e-01
3.672685571309425079e+00 1.908038891780793334e-01
3.676563803169308198e+00 1.904893541015208469e-01
3.680442035029191317e+00 1.901803602723247111e-01
3.684320266889074436e+00 1.898768836556594952e-01
3.688198498748957999e+00 1.895789002166935189e-01
3.692076730608841117e+00 1.892863859205954624e-01
3.695954962468724236e+00 1.889993167325336454e-01
3.699833194328607355e+00 1.887176686176765816e-01
3.703711426188490918e+00 1.884414175411927572e-01
3.707589658048374037e+00 1.881705394682505472e-01
3.711467889908257156e+00 1.879050103640184655e-01
3.715346121768140719e+00 1.876448061936650258e-01
3.719224353628023838e+00 1.873899029223586588e-01
3.723102585487906957e+00 1.871402765152678227e-01
3.726980817347790076e+00 1.868959029375610037e-01
3.730859049207673639e+00 1.866567581544066323e-01
3.734737281067556758e+00 1.864228181309731947e-01
3.738615512927439877e+00 1.861940588324291768e-01
3.742493744787322996e+00 1.859704562239430370e-01
3.746371976647206559e+00 1.857519862706831781e-01
3.750250208507089678e+00 1.855386249378181973e-01
3.754128440366972796e+00 1.853303481905163586e-01
3.758006672226855915e+00 1.851271319939463977e-01
3.761884904086739478e+00 1.849289523132765511e-01
3.765763135946622597e+00 1.847357851136753604e-01
3.769641367806505716e+00 1.845476063603113115e-01
3.773519599666389279e+00 1.843643920183528073e-01
3.777397831526272398e+00 1.841861180529684172e-01
3.781276063386155517e+00 1.840127604293265995e-01
3.785154295246038636e+00 1.838442951125957014e-01
3.789032527105922199e+00 1.836806980679442369e-01
3.792910758965805318e+00 1.835219452605407475e-01
3.796788990825688437e+00 1.833680126555536360e-01
3.800667222685571556e+00 1.832188762181513331e-01
3.804545454545455119e+00 1.830745119135024079e-01
3.808423686405338238e+00 1.829348957067751802e-01
3.812301918265221357e+00 1.828000035631383025e-01
3.816180150125104475e+00 1.826698114477601498e-01
3.820058381984988038e+00 1.825442953258090972e-01
3.823936613844871157e+00 1.824234311624537141e-01
3.827814845704754276e+00 1.823071949228624866e-01
3.831693077564637395e+00 1.821955625722038175e-01
3.835571309424520958e+00 1.820885100756461650e-01
3.839449541284404077e+00 1.819860133983580153e-01
3.843327773144287196e+00 1.818880485055079099e-01
3.847206005004170759e+00 1.817945913622641407e-01
3.851084236864053878e+00 1.817056179337954158e-01
3.854962468723936997e+00 1.816211041852699715e-01
3.858840700583820116e+00 1.815410260818563770e-01
3.862718932443703679e+00 1.814653595887231186e-01
3.866597164303586798e+00 1.813940806710386267e-01
3.870475396163469917e+00 1.813271652939713874e-01
3.874353628023353036e+00 1.812645894226898036e-01
3.878231859883236599e+00 1.812063290223623890e-01
3.882110091743119717e+00 1.811523600581576021e-01
3.885988323603002836e+00 1.811026584952439566e-01
3.889866555462885955e+00 1.810572002987898277e-01
3.893744787322769518e+00 1.810159614339637846e-01
3.897623019182652637e+00 1.809789178659342024e-01
3.901501251042535756e+00 1.809460455598695949e-01
3.905379482902419319e+00 1.809173204809383928e-01
3.909257714762302438e+00 1.808927185943091098e-01
3.913135946622185557e+00 1.808722158651502043e-01
3.917014178482068676e+00 1.808557882586301346e-01
3.920892410341952239e+00 1.808434117399173036e-01
3.924770642201835358e+00 1.808350622741802805e-01
3.928648874061718477e+00 1.808307158265874126e-01
3.932527105921601596e+00 1.808303483623072971e-01
3.936405337781485159e+00 1.808339358465083369e-01
3.940283569641368278e+00 1.808414542443589623e-01
3.944161801501251396e+00 1.808528795210276874e-01
3.948040033361134515e+00 1.808681876416829426e-01
3.951918265221018078e+00 1.808873545714932696e-01
3.955796497080901197e+00 1.809103562756270434e-01
3.959674728940784316e+00 1.809371687192528055e-01
3.963552960800667435e+00 1.809677678675389034e-01
3.967431192660550998e+00 1.810021296856539341e-01
3.971309424520434117e+00 1.810402301387663004e-01
3.975187656380317236e+00 1.810820451920444885e-01
3.979065888240200799e+00 1.811275508106569843e-01
3.982944120100083918e+00 1.811767229597721907e-01
3.986822351959967037e+00 1.812295376045585660e-01
3.990700583819850156e+00 1.812859707101846796e-01
3.994578815679733719e+00 1.813459982418189065e-01
3.998457047539616838e+00 1.814095961646297883e-01
4.002335279399500401e+00 1.814767404437856446e-01
4.006213511259383075e+00 1.815474070444551558e-01
4.010091743119266638e+00 1.816215719318065858e-01
4.013969974979149313e+00 1.816992110710084485e-01
4.017848206839032876e+00 1.817803004272293688e-01
4.021726438698916439e+00 1.818648159656376384e-01
4.025604670558799114e+00 1.819527336514017435e-01
4.029482902418682677e+00 1.820440294496901701e-01
4.033361134278566240e+00 1.821386793256714876e-01
4.037239366138448915e+00 1.822366592445139599e-01
4.041117597998332478e+00 1.823379451713862398e-01
4.044995829858216041e+00 1.824425130714567578e-01
4.048874061718098716e+00 1.825503389098938611e-01
4.052752293577982279e+00 1.826613986518660915e-01
4.056630525437864954e+00 1.827756682625419349e-01
4.060508757297748517e+00 1.828931237070898219e-01
4.064386989157632080e+00 1.830137409506782664e-01
4.068265221017514754e+00 1.831374959584756712e-01
4.072143452877398317e+00 1.832643646956505223e-01
4.076021684737281880e+00 1.833943231273713337e-01
4.079899916597164555e+00 1.835273472188065080e-01
4.083778148457048118e+00 1.836634129351245870e-01
4.087656380316930793e+00 1.838024962414938623e-01
4.091534612176814356e+00 1.839445731030830422e-01
4.095412844036697919e+00 1.840896194850604461e-01
4.099291075896580594e+00 1.842376113525945602e-01
4.103169307756464157e+00 1.843885246708538428e-01
4.107047539616347720e+00 1.845423354050067799e-01
4.110925771476230395e+00 1.846990195202218299e-01
4.114804003336113958e+00 1.848585529816674788e-01
4.118682235195997521e+00 1.850209117545121851e-01
4.122560467055880196e+00 1.851860718039243514e-01
4.126438698915763759e+00 1.853540090950725194e-01
4.130316930775646433e+00 1.855246995931250920e-01
4.134195162635529996e+00 1.856981192632506661e-01
4.138073394495413559e+00 1.858742440706175614e-01
4.141951626355296234e+00 1.860530499803943194e-01
4.145829858215179797e+00 1.862345129577493430e-01
4.149708090075063360e+00 1.864186089678512015e-01
4.153586321934946035e+00 1.866053139758681867e-01
4.157464553794829598e+00 1.867946039469690067e-01
4.161342785654712273e+00 1.869864548463218701e-01
4.165221017514595836e+00 1.871808426390954572e-01
4.169099249374479399e+00 1.873777432904581708e-01
4.172977481234362074e+00 1.875771327655783582e-01
4.176855713094245637e+00 1.877789870296246166e-01
4.180733944954129200e+00 1.879832820477653765e-01
4.184612176814011875e+00 1.881899937851691240e-01
4.188490408673895438e+00 1.883990982070042619e-01
4.192368640533779001e+00 1.886105712784393040e-01
4.196246872393661675e+00 1.888243889646426810e-01
4.200125104253545238e+00 1.890405272307829898e-01
4.204003336113427913e+00 1.892589620420284668e-01
4.207881567973311476e+00 1.894796693635477647e-01
4.211759799833195039e+00 1.897026251605093139e-01
4.215638031693077714e+00 1.899278053980815173e-01
4.219516263552961277e+00 1.901551860414328610e-01
4.223394495412844840e+00 1.903847430557318865e-01
4.227272727272727515e+00 1.906164524061469134e-01
4.231150959132611078e+00 1.908502900578465666e-01
4.235029190992493753e+00 1.910862319759991379e-01
4.238907422852377316e+00 1.913242541257732798e-01
4.242785654712260879e+00 1.915643324723373953e-01
4.246663886572143554e+00 1.918064429808598315e-01
4.250542118432027117e+00 1.920505616165092688e-01
4.254420350291910680e+00 1.922966643444539991e-01
4.258298582151793354e+00 1.925447271298624530e-01
4.262176814011676917e+00 1.927947259379033107e-01
4.266055045871560480e+00 1.930466367337448919e-01
4.269933277731443155e+00 1.933004354825555993e-01
4.273811509591326718e+00 1.935560981495040855e-01
4.277689741451209393e+00 1.938136006997586425e-01
4.281567973311092956e+00 1.940729190984878672e-01
4.285446205170976519e+00 1.943340293108601902e-01
4.289324437030859194e+00 1.945969073020439588e-01
4.293202668890742757e+00 1.948615290372077979e-01
4.297080900750626320e+00 1.951278704815200826e-01
4.300959132610508995e+00 1.953959076001492989e-01
4.304837364470392558e+00 1.956656163582639052e-01
4.308715596330276121e+00 1.959369727210324708e-01
4.312593828190158796e+00 1.962099526536232319e-01
4.316472060050042359e+00 1.964845321212049245e-01
4.320350291909925033e+00 1.967606870889457293e-01
4.324228523769808596e+00 1.970383935220144100e-01
4.328106755629692159e+00 1.973176273855792584e-01
4.331984987489574834e+00 1.975983646448086772e-01
4.335863219349458397e+00 1.978805812648713747e-01
4.339741451209341960e+00 1.981642532109356147e-01
4.343619683069224635e+00 1.984493564481698002e-01
4.347497914929108198e+00 1.987358669417426116e-01
4.351376146788990873e+00 1.990237606568223960e-01
4.355254378648874436e+00 1.993130135585776397e-01
4.359132610508757999e+00 1.996036016121768841e-01
4.363010842368640674e+00 1.998955007827883934e-01
4.366889074228524237e+00 2.001886870355808479e-01
4.370767306088407800e+00 2.004831363357225671e-01
4.374645537948290475e+00 2.007788246483820371e-01
4.378523769808174038e+00 2.010757279387278551e-01
4.382402001668057601e+00 2.013738221719283406e-01
4.386280233527940275e+00 2.016730833131520351e-01
4.390158465387823838e+00 2.019734873275673692e-01
4.394036697247706513e+00 2.022750101803427458e-01
4.397914929107590076e+00 2.025776278366467897e-01
4.401793160967473639e+00 2.028813162616478760e-01
4.405671392827356314e+00 2.031860514205145185e-01
4.409549624687239877e+00 2.034918092784150367e-01
4.413427856547123440e+00 2.037985658005180833e-01
4.417306088407006115e+00 2.041062969519919501e-01
4.421184320266889678e+00 2.044149786980052341e-01
4.425062552126772353e+00 2.047245870037263105e-01
4.428940783986655916e+00 2.050350978343238317e-01
4.432819015846539479e+00 2.053464871549660065e-01
4.436697247706422154e+00 2.056587309308214873e-01
4.440575479566305717e+00 2.059718051270585937e-01
4.444453711426189280e+00 2.062856857088459783e-01
4.448331943286071954e+00 2.066003486413518497e-01
4.452210175145955517e+00 2.069157698897450270e-01
4.456088407005839080e+00 2.072319254191936633e-01
4.459966638865721755e+00 2.075487911948662723e-01
4.463844870725605318e+00 2.078663431819314511e-01
4.467723102585487993e+00 2.081845573455575749e-01
4.471601334445371556e+00 2.085034096509131851e-01
4.475479566305255119e+00 2.088228760631666014e-01
4.479357798165137794e+00 2.091429325474864209e-01
4.483236030025021357e+00 2.094635550690411019e-01
4.487114261884904920e+00 2.097847195929990749e-01
4.490992493744787595e+00 2.101064020845287428e-01
4.494870725604671158e+00 2.104285785087986471e-01
4.498748957464553833e+00 2.107512248309772462e-01
4.502627189324437396e+00 2.110743170162330262e-01
4.506505421184320959e+00 2.113978310297344454e-01
4.510383653044203633e+00 2.117217428366499066e-01
4.514261884904087196e+00 2.120460284021479791e-01
4.518140116763970759e+00 2.123706636913970380e-01
4.522018348623853434e+00 2.126956246695655695e-01
4.525896580483736997e+00 2.130208873018220317e-01
4.529774812343620560e+00 2.133464275533350218e-01
4.533653044203503235e+00 2.136722213892727484e-01
4.537531276063386798e+00 2.139982447748039751e-01
4.541409507923269473e+00 2.143244736750968271e-01
4.545287739783153036e+00 2.146508840553200959e-01
4.549165971643036599e+00 2.149774518806421286e-01
4.553044203502919274e+00 2.153041531162313005e-01
4.556922435362802837e+00 2.156309637272561808e-01
4.560800667222686400e+00 2.159578596788852556e-01
4.564678899082569075e+00 2.162848169362868167e-01
4.568557130942452638e+00 2.166118114646295445e-01
4.572435362802336201e+00 2.169388192290818140e-01
4.576313594662218875e+00 2.172658161948120004e-01
4.580191826522102438e+00 2.175927783269887839e-01
4.584070058381985113e+00 2.179196815907804285e-01
4.587948290241868676e+00 2.182465019513555038e-01
4.591826522101752239e+00 2.185732153738824124e-01
4.595704753961634914e+00 2.188997978235296404e-01
4.599582985821518477e+00 2.192262252654657573e-01
4.603461217681402040e+00 2.195524736648591935e-01
4.607339449541284715e+00 2.198785189868781575e-01
4.611217681401168278e+00 2.202043371966914131e-01
4.615095913261050953e+00 2.205299042594673076e-01
4.618974145120934516e+00 2.208551961403744379e-01
4.622852376980818079e+00 2.211801888045811237e-01
4.626730608840700754e+00 2.215048582172557956e-01
4.630608840700584317e+00 2.218291803435670784e-01
4.634487072560467880e+00 2.221531311486832916e-01
4.638365304420350554e+00 2.224766865977729768e-01
4.642243536280234117e+00 2.227998226560046480e-01
4.646121768140117680e+00 2.231225152885466523e-01
4.650000000000000355e+00 2.234447404605674481e-01
