0.000000000000000000e+00 5.957639266530110334e-01
4.462051709758131472e-03 5.956696105092799121e-01
8.924103419516262944e-03 5.955747401581349409e-01
1.338615512927439355e-02 5.954793150861731332e-01
1.784820683903252589e-02 5.953833347799916131e-01
2.231025854879065823e-02 5.952867987261876159e-01
2.677231025854878710e-02 5.951897064113575997e-01
3.123436196830691944e-02 5.950920573220987997e-01
3.569641367806505178e-02 5.949938509450078961e-01
4.015846538782318065e-02 5.948950867666824571e-01
4.462051709758131646e-02 5.947957642737189410e-01
4.908256880733944533e-02 5.946958829527146939e-01
5.354462051709757420e-02 5.945954422902662850e-01
5.800667222685571001e-02 5.944944417729710606e-01
6.246872393661383888e-02 5.943928808874258118e-01
6.693077564637196775e-02 5.942907591202274409e-01
7.139282735613010356e-02 5.941880759579731830e-01
7.585487906588823936e-02 5.940848308872597183e-01
8.031693077564636130e-02 5.939810233946840601e-01
8.477898248540449710e-02 5.938766529668435545e-01
8.924103419516263291e-02 5.937717190903347708e-01
9.370308590492075485e-02 5.936662212517548332e-01
9.816513761467889065e-02 5.935601589377006437e-01
1.026271893244370265e-01 5.934535316347693268e-01
1.070892410341951484e-01 5.933463388295575625e-01
1.115512927439532842e-01 5.932385800086629191e-01
1.160133444537114200e-01 5.931302546586815216e-01
1.204753961634695558e-01 5.930213622662109385e-01
1.249374478732276778e-01 5.929119023178481829e-01
1.293994995829857997e-01 5.928018743001898239e-01
1.338615512927439355e-01 5.926912776998333188e-01
1.383236030025020713e-01 5.925801120033750147e-01
1.427856547122602071e-01 5.924683766974128130e-01
1.472477064220183429e-01 5.923560712685425056e-01
1.517097581317764787e-01 5.922431952033623270e-01
1.561718098415346145e-01 5.921297479884682913e-01
1.606338615512927226e-01 5.920157291104576336e-01
1.650959132610508584e-01 5.919011380559273672e-01
1.695579649708089942e-01 5.917859743114748383e-01
1.740200166805671300e-01 5.916702373636965051e-01
1.784820683903252658e-01 5.915539266991893808e-01
1.829441201000834016e-01 5.914370418045505895e-01
1.874061718098415097e-01 5.913195821663774776e-01
1.918682235195996455e-01 5.912015472712661701e-01
1.963302752293577813e-01 5.910829366058143464e-01
2.007923269391159171e-01 5.909637496566186865e-01
2.052543786488740529e-01 5.908439859102762037e-01
2.097164303586321887e-01 5.907236448533839113e-01
2.141784820683902968e-01 5.906027259725387113e-01
2.186405337781484326e-01 5.904812287543378391e-01
2.231025854879065684e-01 5.903591526853779747e-01
2.275646371976647042e-01 5.902364972522559095e-01
2.320266889074228400e-01 5.901132619415693226e-01
2.364887406171809758e-01 5.899894462399145612e-01
2.409507923269391116e-01 5.898650496338887494e-01
2.454128440366972197e-01 5.897400716100892337e-01
2.498748957464553555e-01 5.896145116551122500e-01
2.543369474562134913e-01 5.894883692555552557e-01
2.587989991659715994e-01 5.893616438980153749e-01
2.632610508757297629e-01 5.892343350690890658e-01
2.677231025854878710e-01 5.891064422553737856e-01
2.721851542952460346e-01 5.889779649434663256e-01
2.766472060050041426e-01 5.888489026199635878e-01
2.811092577147623062e-01 5.887192547714626967e-01
2.855713094245204142e-01 5.885890208845604432e-01
2.900333611342785223e-01 5.884582004458540627e-01
2.944954128440366858e-01 5.883267929419402353e-01
2.989574645537947939e-01 5.881947978594161963e-01
3.034195162635529575e-01 5.880622146848787368e-01
3.078815679733110655e-01 5.879290429049249811e-01
3.123436196830692291e-01 5.877952820061517203e-01
3.168056713928273371e-01 5.876609314751559676e-01
3.212677231025854452e-01 5.875259907985349583e-01
3.257297748123436087e-01 5.873904594628854836e-01
3.301918265221017168e-01 5.872543369548043346e-01
3.346538782318598804e-01 5.871176227608887466e-01
3.391159299416179884e-01 5.869803163677356217e-01
3.435779816513760965e-01 5.868424172619417511e-01
3.480400333611342600e-01 5.867039249301043702e-01
3.525020850708923681e-01 5.865648388588204920e-01
3.569641367806505317e-01 5.864251585346866857e-01
3.614261884904086397e-01 5.862848834443005197e-01
3.658882402001668033e-01 5.861440130742583410e-01
3.703502919099249113e-01 5.860025469111574958e-01
3.748123436196830194e-01 5.858604844415949975e-01
3.792743953294411829e-01 5.857178251521678591e-01
3.837364470391992910e-01 5.855745685294727609e-01
3.881984987489574546e-01 5.854307140601066051e-01
3.926605504587155626e-01 5.852862612306669599e-01
3.971226021684737262e-01 5.851412095277501724e-01
4.015846538782318342e-01 5.849955584379536999e-01
4.060467055879899423e-01 5.848493074478738896e-01
4.105087572977481059e-01 5.847024560441087537e-01
4.149708090075062139e-01 5.845550037132539734e-01
4.194328607172643775e-01 5.844069499419074498e-01
4.238949124270224855e-01 5.842582942166661963e-01
4.283569641367805936e-01 5.841090360241264490e-01
4.328190158465387571e-01 5.839591748508857760e-01
4.372810675562968652e-01 5.838087101835409687e-01
4.417431192660550288e-01 5.836576415086891512e-01
4.462051709758131368e-01 5.835059683129271146e-01
4.506672226855713004e-01 5.833536900828519833e-01
4.551292743953294084e-01 5.832008063050603264e-01
4.595913261050875165e-01 5.830473164661497121e-01
4.640533778148456800e-01 5.828932200527169316e-01
4.685154295246037881e-01 5.827385165513584431e-01
4.729774812343619517e-01 5.825832054486719258e-01
4.774395329441200597e-01 5.824272862312540600e-01
4.819015846538782233e-01 5.822707583857018587e-01
4.863636363636363313e-01 5.821136213986121133e-01
4.908256880733944394e-01 5.819558747565820589e-01
4.952877397831526030e-01 5.817975179462087088e-01
4.997497914929107110e-01 5.816385504540888540e-01
5.042118432026688746e-01 5.814789717668191749e-01
5.086738949124269826e-01 5.813187813709972396e-01
5.131359466221850907e-01 5.811579787532198393e-01
5.175979983319431987e-01 5.809965634000837653e-01
5.220600500417014178e-01 5.808345347981861417e-01
5.265221017514595259e-01 5.806718924341239818e-01
5.309841534612176339e-01 5.805086357944939657e-01
5.354462051709757420e-01 5.803447643658934396e-01
5.399082568807339610e-01 5.801802776349194168e-01
5.443703085904920691e-01 5.800151750881683554e-01
5.488323603002501772e-01 5.798494562122378237e-01
5.532944120100082852e-01 5.796831204937243909e-01
5.577564637197663933e-01 5.795161674192250700e-01
5.622185154295246123e-01 5.793485964753368744e-01
5.666805671392827204e-01 5.791804071486571504e-01
5.711426188490408284e-01 5.790115989257822449e-01
5.756046705587989365e-01 5.788421712933097263e-01
5.800667222685570446e-01 5.786721237378361637e-01
5.845287739783152636e-01 5.785014557459586815e-01
5.889908256880733717e-01 5.783301668042742927e-01
5.934528773978314797e-01 5.781582563993797885e-01
5.979149291075895878e-01 5.779857240178722932e-01
6.023769808173476958e-01 5.778125691463488200e-01
6.068390325271059149e-01 5.776387912714062711e-01
6.113010842368640230e-01 5.774643898796415487e-01
6.157631359466221310e-01 5.772893644576519989e-01
6.202251876563802391e-01 5.771137144920339690e-01
6.246872393661384582e-01 5.769374394693846941e-01
6.291492910758965662e-01 5.767605388763017427e-01
6.336113427856546743e-01 5.765830121993812396e-01
6.380733944954127823e-01 5.764048589252204202e-01
6.425354462051708904e-01 5.762260785404165198e-01
6.469974979149291094e-01 5.760466705315661073e-01
6.514595496246872175e-01 5.758666343852666403e-01
6.559216013344453255e-01 5.756859695881146877e-01
6.603836530442034336e-01 5.755046756267073738e-01
6.648457047539615417e-01 5.753227519876416007e-01
6.693077564637197607e-01 5.751401981575146038e-01
6.737698081734778688e-01 5.749570136229228412e-01
6.782318598832359768e-01 5.747731978704639921e-01
6.826939115929940849e-01 5.745887503867344037e-01
6.871559633027521929e-01 5.744036706583313112e-01
6.916180150125104120e-01 5.742179581718517278e-01
6.960800667222685201e-01 5.740316124138925558e-01
7.005421184320266281e-01 5.738446328710509192e-01
7.050041701417847362e-01 5.736570190299234984e-01
7.094662218515429553e-01 5.734687703771075284e-01
7.139282735613010633e-01 5.732798863991999117e-01
7.183903252710591714e-01 5.730903665827974391e-01
7.228523769808172794e-01 5.729002104144974572e-01
7.273144286905753875e-01 5.727094173808966460e-01
7.317764804003336065e-01 5.725179869685919076e-01
7.362385321100917146e-01 5.723259186641806995e-01
7.407005838198498227e-01 5.721332119542594796e-01
7.451626355296079307e-01 5.719398663254253723e-01
7.496246872393660388e-01 5.717458812642755017e-01
7.540867389491242578e-01 5.715512562574066591e-01
7.585487906588823659e-01 5.713559907914159686e-01
7.630108423686404739e-01 5.711600843529003324e-01
7.674728940783985820e-01 5.709635364284565417e-01
7.719349457881566900e-01 5.707663464878308668e-01
7.763969974979149091e-01 5.705685132283920824e-01
7.808590492076730172e-01 5.703700342704801640e-01
7.853211009174311252e-01 5.701709071545340013e-01
7.897831526271892333e-01 5.699711294209934831e-01
7.942452043369474524e-01 5.697706986102981652e-01
7.987072560467055604e-01 5.695696122628869373e-01
8.031693077564636685e-01 5.693678679191995773e-01
8.076313594662217765e-01 5.691654631196750858e-01
8.120934111759798846e-01 5.689623954047534626e-01
8.165554628857381037e-01 5.687586623148739307e-01
8.210175145954962117e-01 5.685542613904756015e-01
8.254795663052543198e-01 5.683491901719979200e-01
8.299416180150124278e-01 5.681434461998806640e-01
8.344036697247705359e-01 5.679370270145631672e-01
8.388657214345287549e-01 5.677299301564844303e-01
8.433277731442868630e-01 5.675221531660842311e-01
8.477898248540449710e-01 5.673136935838016814e-01
8.522518765638030791e-01 5.671045489500765591e-01
8.567139282735611872e-01 5.668947168053483088e-01
8.611759799833194062e-01 5.666841946900559313e-01
8.656380316930775143e-01 5.664729801446389823e-01
8.701000834028356223e-01 5.662610707095371287e-01
8.745621351125937304e-01 5.660484639251894823e-01
8.790241868223519495e-01 5.658351573320354877e-01
8.834862385321100575e-01 5.656211484705147008e-01
8.879482902418681656e-01 5.654064348810664553e-01
8.924103419516262736e-01 5.651910141041299740e-01
8.968723936613843817e-01 5.649748836801450347e-01
9.013344453711426008e-01 5.647580411495508601e-01
9.057964970809007088e-01 5.645404840527867840e-01
9.102585487906588169e-01 5.643222099302923622e-01
9.147206005004169249e-01 5.641032163225071505e-01
9.191826522101750330e-01 5.638835007698700386e-01
9.236447039199332520e-01 5.636630608128208042e-01
9.281067556296913601e-01 5.634418939917990032e-01
9.325688073394494682e-01 5.632199978472436364e-01
9.370308590492075762e-01 5.629973699195942594e-01
9.414929107589657953e-01 5.627740077492903170e-01
9.459549624687239033e-01 5.625499088767713651e-01
9.504170141784820114e-01 5.623250708424766264e-01
9.548790658882401194e-01 5.620994911868455457e-01
9.593411175979982275e-01 5.618731674503175677e-01
9.638031693077564466e-01 5.616460971733323593e-01
9.682652210175145546e-01 5.614182778963286991e-01
9.727272727272726627e-01 5.611897071597465869e-01
9.771893244370307707e-01 5.609603825040251346e-01
9.816513761467888788e-01 5.607303014696036758e-01
9.861134278565470979e-01 5.604994615969219884e-01
9.905754795663052059e-01 5.602678604264191842e-01
9.950375312760633140e-01 5.600354954985348188e-01
9.994995829858214220e-01 5.598023643537081151e-01
1.003961634695579530e+00 5.595684645323785178e-01
1.008423686405337749e+00 5.593337935749856937e-01
1.012885738115095746e+00 5.590983490219689767e-01
1.017347789824853965e+00 5.588621284137675893e-01
1.021809841534612184e+00 5.586251292908208654e-01
1.026271893244370181e+00 5.583873491935685829e-01
1.030733944954128400e+00 5.581487856624498534e-01
1.035195996663886397e+00 5.579094362379043437e-01
1.039658048373644617e+00 5.576692984603711656e-01
1.044120100083402836e+00 5.574283698702897638e-01
1.048582151793160833e+00 5.571866480080998052e-01
1.053044203502919052e+00 5.569441304142405125e-01
1.057506255212677049e+00 5.567008146291513304e-01
1.061968306922435268e+00 5.564566981932717038e-01
1.066430358632193487e+00 5.562117786470408554e-01
1.070892410341951484e+00 5.559660535308984519e-01
1.075354462051709703e+00 5.557195203852838272e-01
1.079816513761467922e+00 5.554721767506362040e-01
1.084278565471225919e+00 5.552240201673954711e-01
1.088740617180984138e+00 5.549750481760004073e-01
1.093202668890742135e+00 5.547252583168907902e-01
1.097664720600500354e+00 5.544746481305059538e-01
1.102126772310258573e+00 5.542232151572854537e-01
1.106588824020016570e+00 5.539709569376684017e-01
1.111050875729774789e+00 5.537178710120945757e-01
1.115512927439532787e+00 5.534639549210030873e-01
1.119974979149291006e+00 5.532092062048334924e-01
1.124437030859049225e+00 5.529536224040250136e-01
1.128899082568807222e+00 5.526972010590174289e-01
1.133361134278565441e+00 5.524399397102495168e-01
1.137823185988323438e+00 5.521818358981614994e-01
1.142285237698081657e+00 5.519228871631922662e-01
1.146747289407839876e+00 5.516630910457813730e-01
1.151209341117597873e+00 5.514024450863680427e-01
1.155671392827356092e+00 5.511409468253918309e-01
1.160133444537114089e+00 5.508785938032921825e-01
1.164595496246872308e+00 5.506153835605085423e-01
1.169057547956630527e+00 5.503513136374802439e-01
1.173519599666388524e+00 5.500863815746467322e-01
1.177981651376146743e+00 5.498205849124472300e-01
1.182443703085904740e+00 5.495539211913214039e-01
1.186905754795662959e+00 5.492863879517085879e-01
1.191367806505421179e+00 5.490179827340483376e-01
1.195829858215179176e+00 5.487487030787795428e-01
1.200291909924937395e+00 5.484785465263420923e-01
1.204753961634695392e+00 5.482075106171756529e-01
1.209216013344453611e+00 5.479355928917187812e-01
1.213678065054211830e+00 5.476627908904114772e-01
1.218140116763969827e+00 5.473891021536931856e-01
1.222602168473728046e+00 5.471145242220030180e-01
1.227064220183486265e+00 5.468390546357805304e-01
1.231526271893244262e+00 5.465626909354651675e-01
1.235988323603002481e+00 5.462854306614963740e-01
1.240450375312760478e+00 5.460072713543134837e-01
1.244912427022518697e+00 5.457282105543558304e-01
1.249374478732276916e+00 5.454482458020628588e-01
1.253836530442034913e+00 5.451673746378740137e-01
1.258298582151793132e+00 5.448855946022289620e-01
1.262760633861551129e+00 5.446029032355665933e-01
1.267222685571309349e+00 5.443192980783266854e-01
1.271684737281067568e+00 5.440347766709485722e-01
1.276146788990825565e+00 5.437493365538716983e-01
1.280608840700583784e+00 5.434629752675353975e-01
1.285070892410341781e+00 5.431756903523787816e-01
1.289532944120100000e+00 5.428874793488419614e-01
1.293994995829858219e+00 5.425983397973639377e-01
1.298457047539616216e+00 5.423082692383840442e-01
1.302919099249374435e+00 5.420172652123418366e-01
1.307381150959132432e+00 5.417253252596767599e-01
1.311843202668890651e+00 5.414324469208279256e-01
1.316305254378648870e+00 5.411386277362352226e-01
1.320767306088406867e+00 5.408438652463376517e-01
1.325229357798165086e+00 5.405481569915748796e-01
1.329691409507923083e+00 5.402515005123860181e-01
1.334153461217681302e+00 5.399538933492108450e-01
1.338615512927439521e+00 5.396553330424885830e-01
1.343077564637197518e+00 5.393558171326584549e-01
1.347539616346955738e+00 5.390553431601603496e-01
1.352001668056713735e+00 5.387539086654331566e-01
1.356463719766471954e+00 5.384515111889166539e-01
1.360925771476230173e+00 5.381481482710502862e-01
1.365387823185988170e+00 5.378438174522730542e-01
1.369849874895746389e+00 5.375385162730245137e-01
1.374311926605504386e+00 5.372322422737443315e-01
1.378773978315262605e+00 5.369249929948718414e-01
1.383236030025020824e+00 5.366167659768462661e-01
1.387698081734778821e+00 5.363075587601071614e-01
1.392160133444537040e+00 5.359973688850937501e-01
1.396622185154295259e+00 5.356861938922458100e-01
1.401084236864053256e+00 5.353740313220024527e-01
1.405546288573811475e+00 5.350608787148032341e-01
1.410008340283569472e+00 5.347467336110873770e-01
1.414470391993327691e+00 5.344315935512945481e-01
1.418932443703085911e+00 5.341154560758638592e-01
1.423394495412843908e+00 5.337983187252348660e-01
1.427856547122602127e+00 5.334801790398470134e-01
1.432318598832360124e+00 5.331610345601397460e-01
1.436780650542118343e+00 5.328408828265525088e-01
1.441242702251876562e+00 5.325197213795245244e-01
1.445704753961634559e+00 5.321975477594952375e-01
1.450166805671392778e+00 5.318743595069042041e-01
1.454628857381150775e+00 5.315501541621906467e-01
1.459090909090908994e+00 5.312249292657942323e-01
1.463552960800667213e+00 5.308986823581538506e-01
1.468015012510425210e+00 5.305714109797097233e-01
1.472477064220183429e+00 5.302431126709006293e-01
1.476939115929941426e+00 5.299137849721661242e-01
1.481401167639699645e+00 5.295834254239455419e-01
1.485863219349457864e+00 5.292520315666785491e-01
1.490325271059215861e+00 5.289196009408044796e-01
1.494787322768974080e+00 5.285861310867625562e-01
1.499249374478732078e+00 5.282516195449925567e-01
1.503711426188490297e+00 5.279160638559332597e-01
1.508173477898248516e+00 5.275794615600246651e-01
1.512635529608006513e+00 5.272418101977059957e-01
1.517097581317764732e+00 5.269031073094166961e-01
1.521559633027522729e+00 5.265633504355959893e-01
1.526021684737280948e+00 5.262225371166833199e-01
1.530483736447039167e+00 5.258806648931182437e-01
1.534945788156797164e+00 5.255377313053402055e-01
1.539407839866555383e+00 5.251937338937884281e-01
1.543869891576313380e+00 5.248486701989023562e-01
1.548331943286071599e+00 5.245025377611217676e-01
1.552793994995829818e+00 5.241553341208855521e-01
1.557256046705587815e+00 5.238070568186334874e-01
1.561718098415346034e+00 5.234577033948046854e-01
1.566180150125104253e+00 5.231072713898388127e-01
1.570642201834862250e+00 5.227557583441749811e-01
1.575104253544620470e+00 5.224031617982529685e-01
1.579566305254378467e+00 5.220494792925118865e-01
1.584028356964136686e+00 5.216947083673914021e-01
1.588490408673894905e+00 5.213388465633307378e-01
1.592952460383652902e+00 5.209818914207693386e-01
1.597414512093411121e+00 5.206238404801466491e-01
1.601876563803169118e+00 5.202646912819018921e-01
1.606338615512927337e+00 5.199044413664748454e-01
1.610800667222685556e+00 5.195430882743046208e-01
1.615262718932443553e+00 5.191806295458307741e-01
1.619724770642201772e+00 5.188170627214925279e-01
1.624186822351959769e+00 5.184523853417296602e-01
1.628648874061717988e+00 5.180865949469811715e-01
1.633110925771476207e+00 5.177196890776868399e-01
1.637572977481234204e+00 5.173516652742855548e-01
1.642035029190992423e+00 5.169825210772173163e-01
1.646497080900750420e+00 5.166122540269212360e-01
1.650959132610508640e+00 5.162408616638367587e-01
1.655421184320266859e+00 5.158683415284031071e-01
1.659883236030024856e+00 5.154946911610600591e-01
1.664345287739783075e+00 5.151199081022469484e-01
1.668807339449541072e+00 5.147439898924028867e-01
1.673269391159299291e+00 5.143669340719675409e-01
1.677731442869057510e+00 5.139887381813802447e-01
1.682193494578815507e+00 5.136093997610804429e-01
1.686655546288573726e+00 5.132289163515074693e-01
1.691117597998331723e+00 5.128472854931008795e-01
1.695579649708089942e+00 5.124645047263001185e-01
1.700041701417848161e+00 5.120805715915440759e-01
1.704503753127606158e+00 5.116954836292728626e-01
1.708965804837364377e+00 5.113092383799255902e-01
1.713427856547122374e+00 5.109218333839414816e-01
1.717889908256880593e+00 5.105332661817602036e-01
1.722351959966638812e+00 5.101435343138210898e-01
1.726814011676396809e+00 5.097526353205636962e-01
1.731276063386155029e+00 5.093605667424269123e-01
1.735738115095913248e+00 5.089673261198508492e-01
1.740200166805671245e+00 5.085729109932745073e-01
1.744662218515429464e+00 5.081773189031373317e-01
1.749124270225187461e+00 5.077805473898788780e-01
1.753586321934945680e+00 5.073825939939382579e-01
1.758048373644703899e+00 5.069834562557552493e-01
1.762510425354461896e+00 5.065831317157689639e-01
1.766972477064220115e+00 5.061816179144190686e-01
1.771434528773978112e+00 5.057789123921446750e-01
1.775896580483736331e+00 5.053750126893855610e-01
1.780358632193494550e+00 5.049699163465808383e-01
1.784820683903252547e+00 5.045636209041700626e-01
1.789282735613010766e+00 5.041561239025924568e-01
1.793744787322768763e+00 5.037474228822875766e-01
1.798206839032526982e+00 5.033375153836948668e-01
1.802668890742285202e+00 5.029263989472537721e-01
1.807130942452043199e+00 5.025140711134035154e-01
1.811592994161801418e+00 5.021005294225837634e-01
1.816055045871559415e+00 5.016857714152336278e-01
1.820517097581317634e+00 5.012697946317926645e-01
1.824979149291075853e+00 5.008525966127004292e-01
1.829441201000833850e+00 5.004341748983961446e-01
1.833903252710592069e+00 5.000145270293191446e-01
1.838365304420350066e+00 4.995936505459089849e-01
1.842827356130108285e+00 4.991715429886051658e-01
1.847289407839866504e+00 4.987482018978468545e-01
1.851751459549624501e+00 4.983236248140737734e-01
1.856213511259382720e+00 4.978978092777249231e-01
1.860675562969140717e+00 4.974707528292400815e-01
1.865137614678898936e+00 4.970424530090584714e-01
1.869599666388657155e+00 4.966129073576195374e-01
1.874061718098415152e+00 4.961821134153627244e-01
1.878523769808173371e+00 4.957500687227272551e-01
1.882985821517931591e+00 4.953167708201529629e-01
1.887447873227689588e+00 4.948822172480787929e-01
1.891909924937447807e+00 4.944464055469444674e-01
1.896371976647205804e+00 4.940093332571890983e-01
1.900834028356964023e+00 4.935709979192525187e-01
1.905296080066722242e+00 4.931313970735737851e-01
1.909758131776480239e+00 4.926905282605922864e-01
1.914220183486238458e+00 4.922483890207478563e-01
1.918682235195996455e+00 4.918049768944793843e-01
1.923144286905754674e+00 4.913602894222266482e-01
1.927606338615512893e+00 4.909143241444288708e-01
1.932068390325270890e+00 4.904670786015254969e-01
1.936530442035029109e+00 4.900185503339559712e-01
1.940992493744787106e+00 4.895687368821596830e-01
1.945454545454545325e+00 4.891176357865759661e-01
1.949916597164303544e+00 4.886652445876443762e-01
1.954378648874061541e+00 4.882115608258043027e-01
1.958840700583819761e+00 4.877565820414950792e-01
1.963302752293577758e+00 4.873003057751561506e-01
1.967764804003335977e+00 4.868427295672267952e-01
1.972226855713094196e+00 4.863838509581466796e-01
1.976688907422852193e+00 4.859236674883551377e-01
1.981150959132610412e+00 4.854621766982913922e-01
1.985613010842368409e+00 4.849993761283949989e-01
1.990075062552126628e+00 4.845352633191054026e-01
1.994537114261884847e+00 4.840698358108618815e-01
1.998999165971642844e+00 4.836030911441039915e-01
2.003461217681401063e+00 4.831350268592710662e-01
2.007923269391159060e+00 4.826656404968024949e-01
2.012385321100917501e+00 4.821949295971377780e-01
2.016847372810675498e+00 4.817228917007161382e-01
2.021309424520433495e+00 4.812495243479773532e-01
2.025771476230191492e+00 4.807748250793604239e-01
2.030233527939949933e+00 4.802987914353047949e-01
2.034695579649707931e+00 4.798214209562502996e-01
2.039157631359465928e+00 4.793427111826357168e-01
2.043619683069224369e+00 4.788626596549011571e-01
2.048081734778982366e+00 4.783812639134854550e-01
2.052543786488740363e+00 4.778985214988282770e-01
2.057005838198498804e+00 4.774144299513690681e-01
2.061467889908256801e+00 4.769289868115471065e-01
2.065929941618014798e+00 4.764421896198017259e-01
2.070391993327772795e+00 4.759540359165725931e-01
2.074854045037531236e+00 4.754645232422990975e-01
2.079316096747289233e+00 4.749736491374203506e-01
2.083778148457047230e+00 4.744814111423759639e-01
2.088240200166805671e+00 4.739878067976054932e-01
2.092702251876563668e+00 4.734928336435480500e-01
2.097164303586321665e+00 4.729964892206433014e-01
2.101626355296080106e+00 4.724987710693304699e-01
2.106088407005838103e+00 4.719996767300490559e-01
2.110550458715596100e+00 4.714992037432384486e-01
2.115012510425354098e+00 4.709973496493380374e-01
2.119474562135112539e+00 4.704941119887871004e-01
2.123936613844870536e+00 4.699894883020255265e-01
2.128398665554628533e+00 4.694834761294922609e-01
2.132860717264386974e+00 4.689760730116269150e-01
2.137322768974144971e+00 4.684672764888687113e-01
2.141784820683902968e+00 4.679570841016572058e-01
2.146246872393661409e+00 4.674454933904317322e-01
2.150708924103419406e+00 4.669325018956319573e-01
2.155170975813177403e+00 4.664181071576968818e-01
2.159633027522935844e+00 4.659023067170662835e-01
2.164095079232693841e+00 4.653850981141792742e-01
2.168557130942451838e+00 4.648664788894752986e-01
2.173019182652209835e+00 4.643464465833943566e-01
2.177481234361968276e+00 4.638249987363748383e-01
2.181943286071726273e+00 4.633021328888569101e-01
2.186405337781484270e+00 4.627778465812797948e-01
2.190867389491242712e+00 4.622521373540827150e-01
2.195329441201000709e+00 4.617250027477053376e-01
2.199791492910758706e+00 4.611964403025869408e-01
2.204253544620517147e+00 4.606664475591669139e-01
2.208715596330275144e+00 4.601350220578848127e-01
2.213177648040033141e+00 4.596021613391799709e-01
2.217639699749791138e+00 4.590678629434916114e-01
2.222101751459549579e+00 4.585321244112593453e-01
2.226563803169307576e+00 4.579949432829225064e-01
2.231025854879065573e+00 4.574563170989207062e-01
2.235487906588824014e+00 4.569162433996931116e-01
2.239949958298582011e+00 4.563747197256791677e-01
2.244412010008340008e+00 4.558317436173182635e-01
2.248874061718098449e+00 4.552873126150499550e-01
2.253336113427856446e+00 4.547414242593135758e-01
2.257798165137614443e+00 4.541940760905486818e-01
2.262260216847372440e+00 4.536452656491942736e-01
2.266722268557130882e+00 4.530949904756900737e-01
2.271184320266888879e+00 4.525432481104754712e-01
2.275646371976646876e+00 4.519900360939898554e-01
2.280108423686405317e+00 4.514353519666725600e-01
2.284570475396163314e+00 4.508791932689631965e-01
2.289032527105921311e+00 4.503215575413008764e-01
2.293494578815679752e+00 4.497624423241251557e-01
2.297956630525437749e+00 4.492018451578754790e-01
2.302418682235195746e+00 4.486397635829912911e-01
2.306880733944954187e+00 4.480761951399119258e-01
2.311342785654712184e+00 4.475111373690768279e-01
2.315804837364470181e+00 4.469445878109254422e-01
2.320266889074228178e+00 4.463765440058968248e-01
2.324728940783986619e+00 4.458070034944308646e-01
2.329190992493744616e+00 4.452359638169668954e-01
2.333653044203502613e+00 4.446634225139441954e-01
2.338115095913261055e+00 4.440893771258020983e-01
2.342577147623019052e+00 4.435138251929802711e-01
2.347039199332777049e+00 4.429367642559177143e-01
2.351501251042535490e+00 4.423581918550542058e-01
2.355963302752293487e+00 4.417781055308290239e-01
2.360425354462051484e+00 4.411965028236817798e-01
2.364887406171809481e+00 4.406133812740515299e-01
2.369349457881567922e+00 4.400287384223778298e-01
2.373811509591325919e+00 4.394425718091001798e-01
2.378273561301083916e+00 4.388548789746581358e-01
2.382735613010842357e+00 4.382656574594905874e-01
2.387197664720600354e+00 4.376749048040373125e-01
2.391659716430358351e+00 4.370826185487377002e-01
2.396121768140116792e+00 4.364887962340310845e-01
2.400583819849874789e+00 4.358934354003569100e-01
2.405045871559632786e+00 4.352965335881547326e-01
2.409507923269390783e+00 4.346980883378637195e-01
2.413969974979149224e+00 4.340980971899232044e-01
2.418432026688907222e+00 4.334965576847730206e-01
2.422894078398665219e+00 4.328934673628522800e-01
2.427356130108423660e+00 4.322888237646003162e-01
2.431818181818181657e+00 4.316826244304567961e-01
2.436280233527939654e+00 4.310748669008609424e-01
2.440742285237698095e+00 4.304655487162522554e-01
2.445204336947456092e+00 4.298546674170699577e-01
2.449666388657214089e+00 4.292422205437536609e-01
2.454128440366972530e+00 4.286282056367428650e-01
2.458590492076730527e+00 4.280126202364767374e-01
2.463052543786488524e+00 4.273954618833949448e-01
2.467514595496246521e+00 4.267767281179364880e-01
2.471976647206004962e+00 4.261564164805411448e-01
2.476438698915762959e+00 4.255345245116481379e-01
2.480900750625520956e+00 4.249110497516971341e-01
2.485362802335279397e+00 4.242859897411270786e-01
2.489824854045037394e+00 4.236593420203779159e-01
2.494286905754795391e+00 4.230311041298886465e-01
2.498748957464553833e+00 4.224012736100988818e-01
2.503211009174311830e+00 4.217698480014481222e-01
2.507673060884069827e+00 4.211368248443754791e-01
2.512135112593827824e+00 4.205022016793205641e-01
2.516597164303586265e+00 4.198659760467227109e-01
2.521059216013344262e+00 4.192281454870214752e-01
2.525521267723102259e+00 4.185887075406559688e-01
2.529983319432860700e+00 4.179476597480658584e-01
2.534445371142618697e+00 4.173049996496905334e-01
2.538907422852376694e+00 4.166607247859694385e-01
2.543369474562135135e+00 4.160148326973417410e-01
2.547831526271893132e+00 4.153673209242469966e-01
2.552293577981651129e+00 4.147181870071247056e-01
2.556755629691409126e+00 4.140674284864141463e-01
2.561217681401167567e+00 4.134150429025548745e-01
2.565679733110925564e+00 4.127610277959861129e-01
2.570141784820683561e+00 4.121053807071473618e-01
2.574603836530442003e+00 4.114480991764780660e-01
2.579065888240200000e+00 4.107891807444175591e-01
2.583527939949957997e+00 4.101286229514055082e-01
2.587989991659716438e+00 4.094664233378807472e-01
2.592452043369474435e+00 4.088025794442833316e-01
2.596914095079232432e+00 4.081370888110523176e-01
2.601376146788990429e+00 4.074699489786270945e-01
2.605838198498748870e+00 4.068011574874472180e-01
2.610300250208506867e+00 4.061307118779521885e-01
2.614762301918264864e+00 4.054586096905811177e-01
2.619224353628023305e+00 4.047848484657735613e-01
2.623686405337781302e+00 4.041094257439688531e-01
2.628148457047539299e+00 4.034323390656066044e-01
2.632610508757297740e+00 4.027535859711260935e-01
2.637072560467055737e+00 4.020731640009667651e-01
2.641534612176813734e+00 4.013910706955679530e-01
2.645996663886572176e+00 4.007073035953690465e-01
2.650458715596330173e+00 4.000218602408096569e-01
2.654920767306088170e+00 3.993347381723290623e-01
2.659382819015846167e+00 3.986459349303667077e-01
2.663844870725604608e+00 3.979554480553617601e-01
2.668306922435362605e+00 3.972632750877539975e-01
2.672768974145120602e+00 3.965694135679827537e-01
2.677231025854879043e+00 3.958738620994524116e-01
2.681693077564637040e+00 3.951766268035902252e-01
2.686155129274395037e+00 3.944777170435783131e-01
2.690617180984153478e+00 3.937771421953418782e-01
2.695079232693911475e+00 3.930749116348064565e-01
2.699541284403669472e+00 3.923710347378974173e-01
2.704003336113427469e+00 3.916655208805400190e-01
2.708465387823185910e+00 3.909583794386596312e-01
2.712927439532943907e+00 3.902496197881816786e-01
2.717389491242701904e+00 3.895392513050315864e-01
2.721851542952460346e+00 3.888272833651343352e-01
2.726313594662218343e+00 3.881137253444155721e-01
2.730775646371976340e+00 3.873985866188008886e-01
2.735237698081734781e+00 3.866818765642150990e-01
2.739699749791492778e+00 3.859636045565839613e-01
2.744161801501250775e+00 3.852437799718326783e-01
2.748623853211008772e+00 3.845224121858866195e-01
2.753085904920767213e+00 3.837995105746711544e-01
2.757547956630525210e+00 3.830750845141114858e-01
2.762010008340283207e+00 3.823491433801333717e-01
2.766472060050041648e+00 3.816216965486617374e-01
2.770934111759799645e+00 3.808927533956222855e-01
2.775396163469557642e+00 3.801623232969401633e-01
2.779858215179316083e+00 3.794304156285406293e-01
2.784320266889074080e+00 3.786970397663491639e-01
2.788782318598832077e+00 3.779622050862911364e-01
2.793244370308590518e+00 3.772259209642919719e-01
2.797706422018348515e+00 3.764881967762769288e-01
2.802168473728106513e+00 3.757490418981713765e-01
2.806630525437864510e+00 3.750084657059006843e-01
2.811092577147622951e+00 3.742664775753901663e-01
2.815554628857380948e+00 3.735230868825652473e-01
2.820016680567138945e+00 3.727783030033512968e-01
2.824478732276897386e+00 3.720321353136734621e-01
2.828940783986655383e+00 3.712845931894573348e-01
2.833402835696413380e+00 3.705356860066282287e-01
2.837864887406171821e+00 3.697854231411114578e-01
2.842326939115929818e+00 3.690338139688323915e-01
2.846788990825687815e+00 3.682808678657163437e-01
2.851251042535445812e+00 3.675265942076887393e-01
2.855713094245204253e+00 3.667710023706747813e-01
2.860175145954962250e+00 3.660141017306001165e-01
2.864637197664720247e+00 3.652559016633898370e-01
2.869099249374478688e+00 3.644964115449693676e-01
2.873561301084236685e+00 3.637356407512640222e-01
2.878023352793994682e+00 3.629735986581993368e-01
2.882485404503753124e+00 3.622102946417004032e-01
2.886947456213511121e+00 3.614457380776927575e-01
2.891409507923269118e+00 3.606799383421018246e-01
2.895871559633027115e+00 3.599129048108528073e-01
2.900333611342785556e+00 3.591446468598710751e-01
2.904795663052543553e+00 3.583751738650819973e-01
2.909257714762301550e+00 3.576044952024109991e-01
2.913719766472059991e+00 3.568326202477832831e-01
2.918181818181817988e+00 3.560595583771243300e-01
2.922643869891575985e+00 3.552853189663595090e-01
2.927105921601334426e+00 3.545099113914141342e-01
2.931567973311092423e+00 3.537333450282134639e-01
2.936030025020850420e+00 3.529556292526830896e-01
2.940492076730608861e+00 3.521767734407479922e-01
2.944954128440366858e+00 3.513967869683340961e-01
2.949416180150124855e+00 3.506156792113662712e-01
2.953878231859882852e+00 3.498334595457700535e-01
2.958340283569641294e+00 3.490501373474707014e-01
2.962802335279399291e+00 3.482657219923935288e-01
2.967264386989157288e+00 3.474802228564642381e-01
2.971726438698915729e+00 3.466936493156077548e-01
2.976188490408673726e+00 3.459060107457497812e-01
2.980650542118431723e+00 3.451173165228154094e-01
2.985112593828190164e+00 3.443275760227301197e-01
2.989574645537948161e+00 3.435367986214191705e-01
2.994036697247706158e+00 3.427449936948081533e-01
2.998498748957464155e+00 3.419521706188222154e-01
3.002960800667222596e+00 3.411583387693867819e-01
3.007422852376980593e+00 3.403635075224270556e-01
3.011884904086738590e+00 3.395676862538686280e-01
3.016346955796497031e+00 3.387708843396367575e-01
3.020809007506255028e+00 3.379731111556568135e-01
3.025271059216013025e+00 3.371743760778540544e-01
3.029733110925771467e+00 3.363746884821540162e-01
3.034195162635529464e+00 3.355740577444817907e-01
3.038657214345287461e+00 3.347724932407630805e-01
3.043119266055045458e+00 3.339700043469229218e-01
3.047581317764803899e+00 3.331666004388869062e-01
3.052043369474561896e+00 3.323622908925801256e-01
3.056505421184319893e+00 3.315570850839282824e-01
3.060967472894078334e+00 3.307509923888563574e-01
3.065429524603836331e+00 3.299440221832899423e-01
3.069891576313594328e+00 3.291361838431545173e-01
3.074353628023352769e+00 3.283274867443750078e-01
3.078815679733110766e+00 3.275179402628772274e-01
3.083277731442868763e+00 3.267075537745862124e-01
3.087739783152626760e+00 3.258963366554274987e-01
3.092201834862385201e+00 3.250842982813262894e-01
3.096663886572143198e+00 3.242714480282080092e-01
3.101125938281901195e+00 3.234577952719981941e-01
3.105587989991659637e+00 3.226433493886218806e-01
3.110050041701417634e+00 3.218281197540047156e-01
3.114512093411175631e+00 3.210121157440718465e-01
3.118974145120934072e+00 3.201953467347486981e-01
3.123436196830692069e+00 3.193778221019605845e-01
3.127898248540450066e+00 3.185595512216329861e-01
3.132360300250208507e+00 3.177405434696909947e-01
3.136822351959966504e+00 3.169208082220604239e-01
3.141284403669724501e+00 3.161003548546661435e-01
3.145746455379482498e+00 3.152791927434338559e-01
3.150208507089240939e+00 3.144573312642885976e-01
3.154670558798998936e+00 3.136347797931560710e-01
3.159132610508756933e+00 3.128115477059615346e-01
3.163594662218515374e+00 3.119876443786299691e-01
3.168056713928273371e+00 3.111630791870872992e-01
3.172518765638031368e+00 3.103378615072585611e-01
3.176980817347789809e+00 3.095120007150690689e-01
3.181442869057547806e+00 3.086855061864444139e-01
3.185904920767305804e+00 3.078583872973096880e-01
3.190366972477063801e+00 3.070306534235905382e-01
3.194829024186822242e+00 3.062023139412119455e-01
3.199291075896580239e+00 3.053733782260995566e-01
3.203753127606338236e+00 3.045438556541786856e-01
3.208215179316096677e+00 3.037137556013745354e-01
3.212677231025854674e+00 3.028830874436126974e-01
3.217139282735612671e+00 3.020518605568183745e-01
3.221601334445371112e+00 3.012200843169168252e-01
3.226063386155129109e+00 3.003877680998335853e-01
3.230525437864887106e+00 2.995549212814940243e-01
3.234987489574645103e+00 2.987215532378234006e-01
3.239449541284403544e+00 2.978876733447469172e-01
3.243911592994161541e+00 2.970532909781903874e-01
3.248373644703919538e+00 2.962184155140787922e-01
3.252835696413677979e+00 2.953830563283374455e-01
3.257297748123435976e+00 2.945472227968919943e-01
3.261759799833193973e+00 2.937109242956675859e-01
3.266221851542952415e+00 2.928741702005895897e-01
3.270683903252710412e+00 2.920369698875833753e-01
3.275145954962468409e+00 2.911993327325744230e-01
3.279608006672226850e+00 2.903612681114877692e-01
3.284070058381984847e+00 2.895227854002492274e-01
3.288532110091742844e+00 2.886838939747838895e-01
3.292994161801500841e+00 2.878446032110170694e-01
3.297456213511259282e+00 2.870049224848740810e-01
3.301918265221017279e+00 2.861648611722805713e-01
3.306380316930775276e+00 2.853244286491615767e-01
3.310842368640533717e+00 2.844836342914425775e-01
3.315304420350291714e+00 2.836424874750489433e-01
3.319766472060049711e+00 2.828009975759060990e-01
3.324228523769808152e+00 2.819591739699391364e-01
3.328690575479566149e+00 2.811170260330738691e-01
3.333152627189324146e+00 2.802745631412352778e-01
3.337614678899082143e+00 2.794317946703488431e-01
3.342076730608840585e+00 2.785887299963397123e-01
3.346538782318598582e+00 2.777453784951335325e-01
3.351000834028356579e+00 2.769017495426556730e-01
3.355462885738115020e+00 2.760578525148311702e-01
3.359924937447873017e+00 2.752136967875857265e-01
3.364386989157631014e+00 2.743692917368444339e-01
3.368849040867389455e+00 2.735246467385327729e-01
3.373311092577147452e+00 2.726797711685762238e-01
3.377773144286905449e+00 2.718346744028999340e-01
3.382235195996663446e+00 2.709893658174292730e-01
3.386697247706421887e+00 2.701438547880896657e-01
3.391159299416179884e+00 2.692981506908065925e-01
3.395621351125937881e+00 2.684522629015050343e-01
3.400083402835696322e+00 2.676062007961106937e-01
3.404545454545454319e+00 2.667599737505488289e-01
3.409007506255212316e+00 2.659135911407448094e-01
3.413469557964970758e+00 2.650670623426238937e-01
3.417931609674728755e+00 2.642203967321115066e-01
3.422393661384486752e+00 2.633736036851330731e-01
3.426855713094244749e+00 2.625266925776139071e-01
3.431317764804003190e+00 2.616796727854792670e-01
3.435779816513761187e+00 2.608325536846545778e-01
3.440241868223519184e+00 2.599853446510652089e-01
3.444703919933277625e+00 2.591380550606364186e-01
3.449165971643035622e+00 2.582906942892936875e-01
3.453628023352793619e+00 2.574432717129623849e-01
3.458090075062552060e+00 2.565957967075677693e-01
3.462552126772310057e+00 2.557482786490352655e-01
3.467014178482068054e+00 2.549007269132901321e-01
3.471476230191826495e+00 2.540531508762577939e-01
3.475938281901584492e+00 2.532055599138637314e-01
3.480400333611342489e+00 2.523579634020330364e-01
3.484862385321100486e+00 2.515103707166912450e-01
3.489324437030858927e+00 2.506627912337636155e-01
3.493786488740616925e+00 2.498152343291756283e-01
3.498248540450374922e+00 2.489677093788525697e-01
3.502710592160133363e+00 2.481202257587196147e-01
3.507172643869891360e+00 2.472727928447025214e-01
3.511634695579649357e+00 2.464254200127263539e-01
3.516096747289407798e+00 2.455781166387164538e-01
3.520558798999165795e+00 2.447308920985983294e-01
3.525020850708923792e+00 2.438837557682972945e-01
3.529482902418681789e+00 2.430367170237386076e-01
3.533944954128440230e+00 2.421897852408476659e-01
3.538407005838198227e+00 2.413429697955498943e-01
3.542869057547956224e+00 2.404962800637705234e-01
3.547331109257714665e+00 2.396497254214350336e-01
3.551793160967472662e+00 2.388033152444687668e-01
3.556255212677230659e+00 2.379570589087969534e-01
3.560717264386989100e+00 2.371109657903451018e-01
3.565179316096747097e+00 2.362650452650384703e-01
3.569641367806505095e+00 2.354193067088025670e-01
3.574103419516263092e+00 2.345737594975625395e-01
3.578565471226021533e+00 2.337284130072437571e-01
3.583027522935779530e+00 2.328832766137717836e-01
3.587489574645537527e+00 2.320383596930717107e-01
3.591951626355295968e+00 2.311936716210690468e-01
3.596413678065053965e+00 2.303492217736891889e-01
3.600875729774811962e+00 2.295050195268573956e-01
3.605337781484570403e+00 2.286610742564990084e-01
3.609799833194328400e+00 2.278173953385394801e-01
3.614261884904086397e+00 2.269739921489040968e-01
3.618723936613844838e+00 2.261308740635182279e-01
3.623185988323602835e+00 2.252880504583072152e-01
3.627648040033360832e+00 2.244455307091964835e-01
3.632110091743118829e+00 2.236033241921113190e-01
3.636572143452877270e+00 2.227614402829770357e-01
3.641034195162635267e+00 2.219198883577191139e-01
3.645496246872393264e+00 2.210786777922628121e-01
3.649958298582151706e+00 2.202378179625334720e-01
3.654420350291909703e+00 2.193973182444564907e-01
3.658882402001667700e+00 2.185571880139573486e-01
3.663344453711426141e+00 2.177174366469611100e-01
3.667806505421184138e+00 2.168780735193934217e-01
3.672268557130942135e+00 2.160391080071794589e-01
3.676730608840700132e+00 2.152005494862447021e-01
3.681192660550458573e+00 2.143624073325142987e-01
3.685654712260216570e+00 2.135246909219138400e-01
3.690116763969974567e+00 2.126874096303685846e-01
3.694578815679733008e+00 2.118505728338037908e-01
3.699040867389491005e+00 2.110141899081449945e-01
3.703502919099249002e+00 2.101782702293174543e-01
3.707964970809007443e+00 2.093428231732465394e-01
3.712427022518765440e+00 2.085078581158576194e-01
3.716889074228523437e+00 2.076733844330760359e-01
3.721351125938281434e+00 2.068394115008271028e-01
3.725813177648039876e+00 2.060059486950361896e-01
3.730275229357797873e+00 2.051730053916287211e-01
3.734737281067555870e+00 2.043405909665300113e-01
3.739199332777314311e+00 2.035087147956653464e-01
3.743661384487072308e+00 2.026773862549602345e-01
3.748123436196830305e+00 2.018466147203399341e-01
3.752585487906588746e+00 2.010164095677297313e-01
3.757047539616346743e+00 2.001867801730551066e-01
3.761509591326104740e+00 1.993577359122413462e-01
3.765971643035863181e+00 1.985292861612138193e-01
3.770433694745621178e+00 1.977014402958978956e-01
3.774895746455379175e+00 1.968742076922190276e-01
3.779357798165137172e+00 1.960475977261023905e-01
3.783819849874895613e+00 1.952216197734733261e-01
3.788281901584653610e+00 1.943962832102573979e-01
3.792743953294411607e+00 1.935715974123798644e-01
3.797206005004170049e+00 1.927475717557659285e-01
3.801668056713928046e+00 1.919242156163411817e-01
3.806130108423686043e+00 1.911015383700308268e-01
3.810592160133444484e+00 1.902795493927602610e-01
3.815054211843202481e+00 1.894582580604548538e-01
3.819516263552960478e+00 1.886376737490400024e-01
3.823978315262718475e+00 1.878178058344410206e-01
3.828440366972476916e+00 1.869986636925830836e-01
3.832902418682234913e+00 1.861802566993918662e-01
3.837364470391992910e+00 1.853625942307925989e-01
3.841826522101751351e+00 1.845456856627104847e-01
3.846288573811509348e+00 1.837295403710711705e-01
3.850750625521267345e+00 1.829141677317997206e-01
3.855212677231025786e+00 1.820995771208216152e-01
3.859674728940783783e+00 1.812857779140623349e-01
3.864136780650541780e+00 1.804727794874469993e-01
3.868598832360299777e+00 1.796605912169011443e-01
3.873060884070058218e+00 1.788492224783499451e-01
3.877522935779816216e+00 1.780386826477189932e-01
3.881984987489574213e+00 1.772289811009334914e-01
3.886447039199332654e+00 1.764201272139187815e-01
3.890909090909090651e+00 1.756121303626003161e-01
3.895371142618848648e+00 1.748049999229033813e-01
3.899833194328607089e+00 1.739987452707532356e-01
3.904295246038365086e+00 1.731933757820755260e-01
3.908757297748123083e+00 1.723889008327953443e-01
3.913219349457881080e+00 1.715853297988381709e-01
3.917681401167639521e+00 1.707826720561292089e-01
3.922143452877397518e+00 1.699809369805940218e-01
3.926605504587155515e+00 1.691801339481578681e-01
3.931067556296913956e+00 1.683802723347460062e-01
3.935529608006671953e+00 1.675813615162839443e-01
3.939991659716429950e+00 1.667834108686970240e-01
3.944453711426188391e+00 1.659864297679104761e-01
3.948915763135946388e+00 1.651904275898497809e-01
3.953377814845704386e+00 1.643954137104402524e-01
3.957839866555462827e+00 1.636013975056072045e-01
3.962301918265220824e+00 1.628083883512760899e-01
3.966763969974978821e+00 1.620163956233722224e-01
3.971226021684736818e+00 1.612254286978209161e-01
3.975688073394495259e+00 1.604354969505474848e-01
3.980150125104253256e+00 1.596466097574774368e-01
3.984612176814011253e+00 1.588587764945359748e-01
3.989074228523769694e+00 1.580720065376484962e-01
3.993536280233527691e+00 1.572863092627404813e-01
3.997998331943285688e+00 1.565016940457371053e-01
4.002460383653043685e+00 1.557181702625638764e-01
4.006922435362802126e+00 1.549357472891459420e-01
4.011384487072560567e+00 1.541544345014088102e-01
4.015846538782318120e+00 1.533742412752780171e-01
4.020308590492076561e+00 1.525951769866784880e-01
4.024770642201835003e+00 1.518172510115358420e-01
4.029232693911592555e+00 1.510404727257755597e-01
4.033694745621350997e+00 1.502648515053226774e-01
4.038156797331108550e+00 1.494903967261028976e-01
4.042618849040866991e+00 1.487171177640411734e-01
4.047080900750625432e+00 1.479450239950630963e-01
4.051542952460382985e+00 1.471741247950942022e-01
4.056005004170141426e+00 1.464044295400593887e-01
4.060467055879899867e+00 1.456359476058843583e-01
4.064929107589657420e+00 1.448686883684945081e-01
4.069391159299415861e+00 1.441026612038148469e-01
4.073853211009174302e+00 1.433378754877709660e-01
4.078315262718931855e+00 1.425743405962884569e-01
4.082777314428690296e+00 1.418120659052921340e-01
4.087239366138448737e+00 1.410510607907076996e-01
4.091701417848206290e+00 1.402913346284605511e-01
4.096163469557964731e+00 1.395328967944757803e-01
4.100625521267723173e+00 1.387757566646788954e-01
4.105087572977480725e+00 1.380199236149954878e-01
4.109549624687239167e+00 1.372654070213504829e-01
4.114011676396997608e+00 1.365122162596694166e-01
4.118473728106755161e+00 1.357603607058778528e-01
4.122935779816513602e+00 1.350098497359007443e-01
4.127397831526272043e+00 1.342606927256636828e-01
4.131859883236029596e+00 1.335128990510921210e-01
4.136321934945788037e+00 1.327664780881111783e-01
4.140783986655545590e+00 1.320214392126464742e-01
4.145246038365304031e+00 1.312777918006230449e-01
4.149708090075062472e+00 1.305355452279663986e-01
4.154170141784820025e+00 1.297947088706020713e-01
4.158632193494578466e+00 1.290552921044550994e-01
4.163094245204336907e+00 1.283173043054510187e-01
4.167556296914094460e+00 1.275807548495152544e-01
4.172018348623852901e+00 1.268456531125729536e-01
4.176480400333611342e+00 1.261120084705495692e-01
4.180942452043368895e+00 1.253798302993706093e-01
4.185404503753127337e+00 1.246491279749611381e-01
4.189866555462885778e+00 1.239199108732467053e-01
4.194328607172643331e+00 1.231921883701526943e-01
4.198790658882401772e+00 1.224659698416042941e-01
4.203252710592160213e+00 1.217412646635269435e-01
4.207714762301917766e+00 1.210180822118461369e-01
4.212176814011676207e+00 1.202964318624869661e-01
4.216638865721434648e+00 1.195763229913749393e-01
4.221100917431192201e+00 1.188577649744355230e-01
4.225562969140950642e+00 1.181407671875937954e-01
4.230025020850708195e+00 1.174253390067754310e-01
4.234487072560466636e+00 1.167114898079054663e-01
4.238949124270225077e+00 1.159992289669093679e-01
4.243411175979982630e+00 1.152885658597126994e-01
4.247873227689741071e+00 1.145795098622404973e-01
4.252335279399499512e+00 1.138720703504182558e-01
4.256797331109257065e+00 1.131662567001714970e-01
4.261259382819015507e+00 1.124620782874252850e-01
4.265721434528773948e+00 1.117595444881050865e-01
4.270183486238531501e+00 1.110586646781364095e-01
4.274645537948289942e+00 1.103594482334443877e-01
4.279107589658048383e+00 1.096619045299544043e-01
4.283569641367805936e+00 1.089660429435920230e-01
4.288031693077564377e+00 1.082718728502823635e-01
4.292493744787322818e+00 1.075794036259508091e-01
4.296955796497080371e+00 1.068886446465229373e-01
4.301417848206838812e+00 1.061996052879238261e-01
4.305879899916597253e+00 1.055122949260789422e-01
4.310341951626354806e+00 1.048267229369137660e-01
4.314804003336113247e+00 1.041428986963534031e-01
4.319266055045871688e+00 1.034608315803233480e-01
4.323728106755629241e+00 1.027805309647490811e-01
4.328190158465387682e+00 1.021020062255556804e-01
4.332652210175145235e+00 1.014252667386687928e-01
4.337114261884903677e+00 1.007503218800134687e-01
4.341576313594662118e+00 1.000771810255152161e-01
4.346038365304419671e+00 9.940585355109955723e-02
4.350500417014178112e+00 9.873634883269152840e-02
4.354962468723936553e+00 9.806867624621665169e-02
4.359424520433694106e+00 9.740284516760037981e-02
4.363886572143452547e+00 9.673886497276784624e-02
4.368348623853210988e+00 9.607674503764451757e-02
4.372810675562968541e+00 9.541649473815588811e-02
4.377272727272726982e+00 9.475812345022702199e-02
4.381734778982485423e+00 9.410164054978345516e-02
4.386196830692242976e+00 9.344705541275064031e-02
4.390658882402001417e+00 9.279437741505369708e-02
4.395120934111759858e+00 9.214361593261805039e-02
4.399582985821517411e+00 9.149478034136925009e-02
4.404045037531275852e+00 9.084788001723237416e-02
4.408507089241034294e+00 9.020292433613287530e-02
4.412969140950791846e+00 8.955992267399630336e-02
4.417431192660550288e+00 8.891888440674770855e-02
4.421893244370308729e+00 8.827981891031257133e-02
4.426355296080066282e+00 8.764273556061637216e-02
4.430817347789824723e+00 8.700764373358425841e-02
4.435279399499582276e+00 8.637455280514182154e-02
4.439741451209340717e+00 8.574347215121408405e-02
4.444203502919099158e+00 8.511441114772665129e-02
4.448665554628856711e+00 8.448737917060492042e-02
4.453127606338615152e+00 8.386238559577401108e-02
4.457589658048373593e+00 8.323943979915945923e-02
4.462051709758131146e+00 8.261855115668664817e-02
4.466513761467889587e+00 8.199972904428078080e-02
4.470975813177648028e+00 8.138298283786726817e-02
4.475437864887405581e+00 8.076832191337160460e-02
4.479899916597164022e+00 8.015575564671893749e-02
4.484361968306922464e+00 7.954529341383467789e-02
4.488824020016680016e+00 7.893694459064437563e-02
4.493286071726438458e+00 7.833071855307306708e-02
4.497748123436196899e+00 7.772662467704628819e-02
4.502210175145954452e+00 7.712467233848954717e-02
4.506672226855712893e+00 7.652487091332783875e-02
4.511134278565471334e+00 7.592722977748671276e-02
4.515596330275228887e+00 7.533175830689164965e-02
4.520058381984987328e+00 7.473846587746775516e-02
4.524520433694744881e+00 7.414736186514063465e-02
4.528982485404503322e+00 7.355845564583539387e-02
4.533444537114261763e+00 7.297175659547747162e-02
4.537906588824019316e+00 7.238727408999240387e-02
4.542368640533777757e+00 7.180501750530526861e-02
4.546830692243536198e+00 7.122499621734157405e-02
4.551292743953293751e+00 7.064721960202674511e-02
4.555754795663052192e+00 7.007169703528594307e-02
4.560216847372810633e+00 6.949843789304463448e-02
4.564678899082568186e+00 6.892745155122825818e-02
4.569140950792326628e+00 6.835874738576196152e-02
4.573603002502085069e+00 6.779233477257123885e-02
4.578065054211842622e+00 6.722822308758150123e-02
4.582527105921601063e+00 6.666642170671793766e-02
4.586989157631359504e+00 6.610694000590600083e-02
4.591451209341117057e+00 6.554978736107111570e-02
4.595913261050875498e+00 6.499497314813848514e-02
4.600375312760633939e+00 6.444250674303350634e-02
4.604837364470391492e+00 6.389239752168167363e-02
4.609299416180149933e+00 6.334465486000813439e-02
4.613761467889908374e+00 6.279928813393835518e-02
4.618223519599665927e+00 6.225630671939777483e-02
4.622685571309424368e+00 6.171571999231155459e-02
4.627147623019181921e+00 6.117753732860525123e-02
4.631609674728940362e+00 6.064176810420399827e-02
4.636071726438698803e+00 6.010842169503326227e-02
4.640533778148456356e+00 5.957750747701854449e-02
4.644995829858214798e+00 5.904903482608495763e-02
4.649457881567973239e+00 5.852301311815791968e-02
4.653919933277730792e+00 5.799945172916295966e-02
4.658381984987489233e+00 5.747836003502519719e-02
4.662844036697247674e+00 5.695974741167009886e-02
4.667306088407005227e+00 5.644362323502309653e-02
4.671768140116763668e+00 5.592999688100937228e-02
4.676230191826522109e+00 5.541887772555435798e-02
4.680692243536279662e+00 5.491027514458353409e-02
4.685154295246038103e+00 5.440419851402204104e-02
4.689616346955796544e+00 5.390065720979532460e-02
4.694078398665554097e+00 5.339966060782885826e-02
4.698540450375312538e+00 5.290121808404779635e-02
4.703002502085070979e+00 5.240533901437759157e-02
4.707464553794828532e+00 5.191203277474369659e-02
4.711926605504586973e+00 5.142130874107125188e-02
4.716388657214344526e+00 5.093317628928583501e-02
4.720850708924102968e+00 5.044764479531259338e-02
4.725312760633861409e+00 4.996472363507697967e-02
4.729774812343618962e+00 4.948442218450446045e-02
4.734236864053377403e+00 4.900674981952016923e-02
4.738698915763135844e+00 4.853171591604959340e-02
4.743160967472893397e+00 4.805932985001815788e-02
4.747623019182651838e+00 4.758960099735102395e-02
4.752085070892410279e+00 4.712253873397366510e-02
4.756547122602167832e+00 4.665815243581150629e-02
4.761009174311926273e+00 4.619645147878973651e-02
4.765471226021684714e+00 4.573744523883378765e-02
4.769933277731442267e+00 4.528114309186911240e-02
4.774395329441200708e+00 4.482755441382090672e-02
4.778857381150959149e+00 4.437668858061458166e-02
4.783319432860716702e+00 4.392855496817558991e-02
4.787781484570475143e+00 4.348316295242912050e-02
4.792243536280233585e+00 4.304052190930060529e-02
4.796705587989991137e+00 4.260064121471550391e-02
4.801167639699749579e+00 4.216353024459897764e-02
4.805629691409508020e+00 4.172919837487648609e-02
4.810091743119265573e+00 4.129765498147344727e-02
4.814553794829024014e+00 4.086890944031507100e-02
4.819015846538781567e+00 4.044297112732687244e-02
4.823477898248540008e+00 4.001984941843403365e-02
4.827939949958298449e+00 3.959955368956198651e-02
4.832402001668056002e+00 3.918209331663619760e-02
4.836864053377814443e+00 3.876747767558183511e-02
4.841326105087572884e+00 3.835571614232433785e-02
4.845788156797330437e+00 3.794681809278915158e-02
4.850250208507088878e+00 3.754079290290145143e-02
4.854712260216847319e+00 3.713764994858669011e-02
4.859174311926604872e+00 3.673739860577029948e-02
4.863636363636363313e+00 3.634004825037747549e-02
4.868098415346121755e+00 3.594560825833365003e-02
4.872560467055879307e+00 3.555408800556426191e-02
4.877022518765637749e+00 3.516549686799450708e-02
4.881484570475396190e+00 3.477984422154981742e-02
4.885946622185153743e+00 3.439713944215562480e-02
4.890408673894912184e+00 3.401739190573713212e-02
4.894870725604670625e+00 3.364061098821977125e-02
4.899332777314428178e+00 3.326680606552896713e-02
4.903794829024186619e+00 3.289598651358994347e-02
4.908256880733945060e+00 3.252816170832811826e-02
4.912718932443702613e+00 3.216334102566891645e-02
4.917180984153461054e+00 3.180153384153754093e-02
4.921643035863218607e+00 3.144274953185950683e-02
4.926105087572977048e+00 3.108699747256003093e-02
4.930567139282735489e+00 3.073428703956451735e-02
4.935029190992493042e+00 3.038462760879840491e-02
4.939491242702251483e+00 3.003802855618690343e-02
4.943953294412009924e+00 2.969449925765545520e-02
4.948415346121767477e+00 2.935404908912946781e-02
4.952877397831525919e+00 2.901668742653415109e-02
4.957339449541284360e+00 2.868242364579494733e-02
4.961801501251041913e+00 2.835126712283727798e-02
4.966263552960800354e+00 2.802322723358635637e-02
4.970725604670558795e+00 2.769831335396760394e-02
4.975187656380316348e+00 2.737653485990644564e-02
4.979649708090074789e+00 2.705790112732810865e-02
4.984111759799833230e+00 2.674242153215800749e-02
4.988573811509590783e+00 2.643010545032156017e-02
4.993035863219349224e+00 2.612096225774400426e-02
4.997497914929107665e+00 2.581500133035074390e-02
5.001959966638865218e+00 2.551223204406721790e-02
5.006422018348623659e+00 2.521266377481863608e-02
5.010884070058381212e+00 2.491630589853048583e-02
5.015346121768139653e+00 2.462316779112799781e-02
5.019808173477898094e+00 2.433325882853659347e-02
5.024270225187655647e+00 2.404658838668168042e-02
5.028732276897414089e+00 2.376316584148850664e-02
5.033194328607172530e+00 2.348300056888247278e-02
5.037656380316930083e+00 2.320610194478900379e-02
5.042118432026688524e+00 2.293247934513333031e-02
5.046580483736446965e+00 2.266214214584087033e-02
5.051042535446204518e+00 2.239509972283703493e-02
5.055504587155962959e+00 2.213136145204706862e-02
5.059966638865721400e+00 2.187093670939637552e-02
5.064428690575478953e+00 2.161383487081037016e-02
5.068890742285237394e+00 2.136006531221430055e-02
5.073352793994995835e+00 2.110963740953358120e-02
5.077814845704753388e+00 2.086256053869360583e-02
5.082276897414511829e+00 2.061884407561963978e-02
5.086738949124270270e+00 2.037849739623708023e-02
5.091201000834027823e+00 2.014152987647133825e-02
5.095663052543786264e+00 1.990795089224766529e-02
5.100125104253544706e+00 1.967776981949147241e-02
5.104587155963302258e+00 1.945099603412814987e-02
5.109049207673060700e+00 1.922763891208297340e-02
5.113511259382818253e+00 1.900770782928137836e-02
5.117973311092576694e+00 1.879121216164864050e-02
5.122435362802335135e+00 1.857816128511015352e-02
5.126897414512092688e+00 1.836856457559131808e-02
5.131359466221851129e+00 1.816243140901740299e-02
5.135821517931609570e+00 1.795977116131380891e-02
5.140283569641367123e+00 1.776059320840592606e-02
5.144745621351125564e+00 1.756490692621903368e-02
5.149207673060884005e+00 1.737272169067852201e-02
5.153669724770641558e+00 1.718404687770979170e-02
5.158131776480399999e+00 1.699889186323811849e-02
5.162593828190158440e+00 1.681726602318889263e-02
5.167055879899915993e+00 1.663917873348751131e-02
5.171517931609674434e+00 1.646463937005925374e-02
5.175979983319432876e+00 1.629365730882951363e-02
5.180442035029190428e+00 1.612624192572367429e-02
5.184904086738948870e+00 1.596240259666703229e-02
5.189366138448707311e+00 1.580214869758497093e-02
5.193828190158464864e+00 1.564548960440287698e-02
5.198290241868223305e+00 1.549243469304604874e-02
5.202752293577980858e+00 1.534299333943989554e-02
5.207214345287739299e+00 1.519717491950971396e-02
5.211676396997497740e+00 1.505498880918089422e-02
5.216138448707255293e+00 1.491644438437881443e-02
5.220600500417013734e+00 1.478155102102877635e-02
5.225062552126772175e+00 1.465031809505616331e-02
5.229524603836529728e+00 1.452275498238635512e-02
5.233986655546288169e+00 1.439887105894465530e-02
5.238448707256046610e+00 1.427867570065644715e-02
5.242910758965804163e+00 1.416217828344710702e-02
5.247372810675562604e+00 1.404938818324194885e-02
5.251834862385321046e+00 1.394031477596634379e-02
5.256296914095078598e+00 1.383496743754566820e-02
5.260758965804837040e+00 1.373335554390524293e-02
5.265221017514595481e+00 1.363548847097043569e-02
5.269683069224353034e+00 1.354137559466662977e-02
5.274145120934111475e+00 1.345102629091913388e-02
5.278607172643869916e+00 1.336444993565332785e-02
5.283069224353627469e+00 1.328165590479457939e-02
5.287531276063385910e+00 1.320265357426821801e-02
5.291993327773144351e+00 1.312745231999960793e-02
5.296455379482901904e+00 1.305606151791412206e-02
5.300917431192660345e+00 1.298849054393708645e-02
5.305379482902417898e+00 1.292474877399387920e-02
5.309841534612176339e+00 1.286484558400984024e-02
5.314303586321934780e+00 1.280879034991032860e-02
5.318765638031692333e+00 1.275659244762071542e-02
5.323227689741450774e+00 1.270826125306633025e-02
5.327689741451209215e+00 1.266380614217254251e-02
5.332151793160966768e+00 1.262323649086471815e-02
5.336613844870725210e+00 1.258656167506818670e-02
5.341075896580483651e+00 1.255379107070832105e-02
5.345537948290241204e+00 1.252493405371047676e-02
5.349999999999999645e+00 1.250000000000000069e-02
